10
273
12 5 98 15 6 41 52 50 37 51 24 27 66 57 74 82 80 65 23 7 28 12 86 65 48 34 12 11 26 97 89 35 31 53 43 99 32 82 94 39 80 12 54 98 24 97 10 54 8 19 49 98 61 85 30 68 69 68 61 64 49 45 97 13 97 43 78 47 16 10 66 11 46 14 57 15 12 14 51 38 58 90 46 74 66 29 34 38 99 67 64 68 57 22 54 21 65 36 38 94 25 96 26 67 45 72 47 45 99 42 78 16 73 61 48 10 17 98 82 91 99 33 81 27 21 58 13 37 78 87 56 39 1 12 87 93 80 15 60 82 9 3 67 67 13 72 92 72 7 38 60 1 85 83 35 78 79 80 6 97 31 90 68 13 12 64 68 22 55 42 17 93 8 12 5 14 99 88 70 7 90 22 94 37 40 18 23 98 47 81 44 46 73 90 81 5 80 63 40 83 59 6 14 61 67 99 32 8 35 91 8 23 5 74 88 26 91 70 93 14 55 15 28 34 25 2 6 41 99 49 85 4 35 31 13 12 64 75 30 43 52 87 92 44 21 83 78 89 65 17 80 84 44 14 100 79 38 74 18 55 5 2 83 41 22 44 1 70 69 16 99 26 33
328
56 27 11 78 23 39 69 38 25 59 54 48 64 7 78 24 80 32 45 44 63 25 80 77 88 72 11 72 92 21 13 19 42 9 45 50 27 55 95 93 91 8 89 11 55 58 46 93 16 12 87 94 82 70 17 52 55 41 97 93 5 95 39 91 66 83 51 3 50 31 99 38 86 21 92 63 79 50 32 75 100 49 75 22 2 41 46 27 16 10 53 29 4 4 82 57 67 73 44 97 91 15 56 22 40 5 92 82 7 73 33 82 39 56 19 100 54 84 88 79 36 40 26 51 65 77 44 100 82 86 100 12 44 45 46 41 70 6 52 89 30 22 71 91 21 99 85 82 24 27 75 20 39 24 39 23 95 1 7 75 96 5 26 7 82 79 10 91 32 14 99 32 59 43 59 22 73 24 55 9 4 33 26 26 90 28 84 100 55 80 63 82 52 8 3 54 15 17 93 99 37 8 42 17 19 28 34 8 31 67 31 23 43 41 18 31 59 60 96 30 76 25 37 95 38 47 93 94 36 47 76 12 47 79 41 42 16 9 80 23 61 39 8 59 76 55 19 97 2 92 58 65 25 5 30 23 10 84 61 56 75 81 55 22 89 51 85 79 87 9 13 30 15 44 39 61 97 31 10 21 40 89 71 12 11 54 88 80 30 30 79 35 98 31 24 53 51 65 73 37 26 87 73 80 74 83 89 24 7 93 14 70 99 92 47 89 91 34 29 51 44 62 90 13 40 30 68 91
472
23 71 27 36 65 76 75 67 74 14 24 63 82 59 93 82 31 6 6 33 15 28 68 6 38 41 98 70 54 72 51 75 50 12 56 48 14 91 98 89 43 66 69 80 19 12 92 90 75 17 23 28 70 11 65 74 3 31 38 96 58 65 30 37 31 58 20 37 76 88 69 10 68 15 77 26 25 56 50 12 82 61 15 55 57 32 66 78 50 11 52 20 49 88 19 85 84 92 65 44 62 53 55 9 64 64 89 12 38 53 75 64 59 10 16 40 7 86 67 54 48 74 55 59 41 90 64 35 84 56 65 72 1 66 45 24 22 74 34 49 4 76 98 47 23 16 50 48 15 61 23 27 23 80 38 57 84 85 88 18 91 37 43 7 92 39 17 42 83 82 96 3 29 54 87 2 2 17 92 58 47 14 8 35 40 41 67 71 24 36 33 97 100 11 28 61 62 58 100 82 49 97 85 64 39 60 37 76 32 99 26 34 23 89 25 35 38 93 22 38 19 19 48 17 48 59 51 97 67 61 41 80 47 36 26 34 22 28 51 45 68 97 82 69 22 83 42 74 56 19 46 74 24 33 67 8 46 93 58 7 38 57 45 38 61 25 6 50 39 52 98 71 30 75 25 44 19 84 14 44 28 26 17 64 2 16 69 46 19 87 49 30 54 90 14 52 14 95 22 34 3 87 59 87 40 67 56 19 30 82 77 26 10 92 73 57 53 68 55 12 69 10 51 31 84 85 81 40 95 55 34 41 9 70 27 32 43 85 75 58 11 31 64 76 91 39 99 4 58 38 30 30 36 85 44 41 48 61 93 34 78 25 20 65 95 29 18 84 44 90 9 88 73 85 28 96 98 17 38 22 58 43 80 47 32 46 58 14 2 37 47 22 39 33 25 17 15 35 13 27 53 73 16 17 29 68 35 4 34 69 9 4 42 31 42 23 64 58 94 35 59 88 2 74 27 82 1 80 21 45 33 67 41 93 12 11 13 28 49 24 65 5 80 66 3 94 2 15 73 51 96 56 74 67 56 19 6 40 62 70 92 83 66 20 11 9 91 48 44 29 88 83
79
69 67 52 61 81 54 23 49 63 43 30 82 38 67 9 63 69 69 11 79 12 60 4 1 29 59 13 20 77 33 19 44 16 51 85 48 66 5 1 27 42 39 33 89 53 85 42 22 44 100 55 57 75 32 54 12 10 68 7 7 51 23 85 98 85 27 42 52 40 75 5 42 9 1 34 50 75 46 58
352
9 26 48 45 4 37 85 11 55 38 3 92 3 83 56 1 55 56 13 73 46 10 29 36 25 11 18 55 12 26 83 28 20 5 1 54 83 60 46 22 49 63 10 75 32 50 53 33 27 99 32 24 94 6 35 86 99 89 69 9 40 88 5 36 50 60 84 44 80 99 47 7 53 82 82 47 8 62 12 24 31 18 14 50 86 22 27 21 62 21 93 47 44 4 57 5 75 95 36 77 2 97 37 12 10 8 96 69 85 60 3 41 40 80 96 1 32 68 30 70 81 87 80 91 6 98 56 94 82 19 83 94 38 98 39 14 35 86 63 63 28 70 58 12 67 91 89 92 46 82 5 52 46 75 75 10 26 24 15 56 94 70 3 28 10 54 83 6 61 68 20 29 29 36 65 90 84 50 87 91 79 67 96 71 54 53 89 72 19 16 24 99 69 53 100 53 38 74 2 78 100 22 57 74 10 40 32 100 15 52 32 82 100 67 52 22 10 73 51 63 26 6 72 90 66 48 74 26 71 10 85 66 87 15 75 24 85 24 91 53 68 34 82 18 1 31 91 41 23 84 68 77 54 49 63 52 37 76 84 70 65 10 61 94 89 40 23 72 17 65 27 37 73 86 13 100 85 34 14 53 39 27 65 39 1 21 32 29 97 13 23 94 73 57 25 22 6 66 11 23 89 17 12 28 64 24 44 31 100 24 9 95 37 31 96 43 59 97 58 96 66 11 51 30 37 39 47 51 39 77 87 66 3 92 26 65 14 6 36 68 23 30 28 6 62 58 17 87 1 52 28 53
52
72 35 71 38 92 88 53 92 58 13 36 6 10 42 86 38 28 63 61 40 22 75 17 32 85 31 22 16 59 21 67 37 43 37 52 76 2 99 89 4 86 80 29 6 93 66 69 50 93 95 2 85
474
42 100 27 64 19 66 15 29 12 32 28 100 26 10 53 69 65 66 27 12 25 68 71 96 43 61 47 61 13 46 96 84 100 59 67 91 76 53 94 23 52 87 60 78 43 42 50 27 16 80 20 60 86 34 18 24 65 90 59 28 66 20 23 78 3 74 53 62 19 48 61 91 67 93 36 80 70 22 10 43 33 79 64 51 30 81 89 78 97 60 64 42 17 56 15 56 35 67 45 53 84 60 5 75 5 17 70 80 7 85 71 57 61 99 13 85 19 82 25 65 39 17 37 59 73 15 79 11 75 54 16 38 57 10 76 55 63 8 17 28 7 15 19 81 74 57 6 38 36 11 3 90 57 78 62 46 19 14 4 74 93 89 83 54 50 88 72 24 81 36 76 60 77 83 15 84 15 40 84 12 9 74 11 14 43 98 59 3 80 25 100 78 52 29 26 70 71 1 91 94 29 50 55 74 59 87 21 9 51 96 89 92 58 25 20 80 51 45 80 14 5 43 59 92 67 55 1 54 71 6 90 47 31 24 53 86 41 74 17 35 39 79 84 88 17 96 84 1 62 65 87 45 39 72 23 48 96 43 3 69 91 2 65 60 74 2 99 25 67 37 56 1 78 67 42 74 38 15 20 39 71 7 65 74 96 81 19 9 4 4 45 37 44 80 77 33 68 92 20 98 24 8 80 78 30 61 79 66 88 23 63 90 38 88 89 62 70 96 64 9 85 81 18 77 86 64 2 58 38 57 51 88 2 46 51 13 98 45 7 16 71 72 11 11 96 68 36 32 6 91 77 96 54 40 74 23 70 50 78 7 97 78 24 42 78 9 89 48 36 22 9 10 5 47 85 55 71 28 23 87 58 15 30 96 54 42 58 20 29 37 41 35 38 25 8 73 78 39 27 33 33 27 2 43 2 89 48 18 99 35 98 15 38 71 27 61 80 79 18 88 91 1 33 27 46 19 13 75 93 32 65 28 80 94 84 71 49 44 46 32 100 84 14 5 60 72 85 59 35 93 88 87 94 34 7 95 44 23 36 49 19 24 53 40 89 54 71 15 44 21 77 59 89 85
416
28 10 11 15 26 23 57 21 67 29 7 32 42 78 53 46 52 46 37 74 19 1 11 67 48 41 34 93 81 8 92 59 58 95 87 34 33 6 22 15 71 95 80 68 90 30 59 73 27 22 36 41 68 48 60 41 72 54 15 60 26 97 10 23 99 33 23 61 46 33 36 29 95 87 17 77 21 59 90 58 6 23 64 32 52 43 33 73 26 46 53 10 36 36 33 78 99 14 79 26 1 60 64 46 41 66 76 48 90 53 94 56 50 98 74 38 54 13 96 54 37 79 64 7 90 81 75 17 62 65 92 51 3 86 60 5 58 20 85 54 54 100 90 3 86 87 82 79 42 30 19 33 55 14 68 5 98 62 94 85 36 5 37 95 3 1 88 62 88 18 14 28 67 95 66 33 47 2 4 27 27 25 70 26 52 54 28 54 29 15 47 86 67 65 25 64 22 3 84 70 87 54 39 75 83 96 28 87 92 6 21 99 11 99 25 2 60 98 43 56 3 53 11 58 96 93 21 4 70 11 74 50 91 81 40 82 75 92 51 43 98 15 49 53 90 39 78 30 57 84 96 66 19 40 40 94 96 100 37 77 83 10 99 37 51 97 29 50 29 89 60 25 78 17 45 59 71 93 39 17 2 74 16 80 23 54 6 100 84 36 30 5 82 34 78 67 76 90 16 26 18 4 38 71 50 65 55 39 60 46 72 62 63 58 75 93 96 54 71 8 45 96 67 32 26 15 15 19 81 11 11 54 22 42 44 36 85 76 20 34 69 40 32 86 100 98 55 32 13 30 51 18 66 7 37 71 8 93 35 30 67 11 21 72 50 11 96 29 40 17 8 84 67 15 77 42 14 92 98 57 32 77 18 47 8 83 61 56 30 48 47 74 42 98 34 58 50 79 2 62 27 35 61 92 11 13 94 4 89 12 85 27 65 13 59 17
34
97 37 97 6 63 80 64 93 82 10 27 23 84 31 2 57 6 87 87 12 19 11 23 27 57 21 24 78 19 44 90 99 10 34
220
39 73 45 75 67 48 46 59 9 27 89 70 74 10 82 81 21 79 4 35 99 83 32 4 34 26 91 61 57 19 54 22 73 42 79 53 2 18 82 2 91 23 50 57 53 9 54 7 48 93 28 87 10 6 78 60 58 23 21 53 59 48 37 77 5 6 76 94 23 76 49 8 94 56 51 75 14 45 68 11 7 61 3 8 32 48 36 7 50 67 52 87 95 12 15 6 100 62 92 100 18 70 16 62 86 56 1 74 40 25 29 23 13 48 35 51 89 52 83 62 38 64 100 29 77 33 92 23 12 46 54 49 7 69 99 24 71 55 70 91 22 76 18 89 72 22 54 65 4 26 39 5 27 24 27 48 22 4 93 16 54 83 36 62 68 17 79 57 36 79 40 3 7 100 20 91 95 96 25 66 38 17 26 50 23 84 51 76 97 79 5 12 89 51 5 4 100 57 44 79 91 27 95 90 12 96 98 17 64 6 87 69 99 84 5 67 34 36 100 53
