10
164
9 4 73 11 5 31 39 37 28 38 18 20 50 43 55 62 60 49 17 5 21 9 65 49 36 26 9 8 20 73 67 26 24 40 33 74 24 61 71 29 60 9 41 74 18 73 8 41 6 14 37 74 46 64 23 51 52 51 46 48 37 34 73 10 73 33 59 35 12 7 50 8 35 11 43 12 9 10 38 29 44 68 35 55 49 22 26 28 74 51 48 51 43 17 41 16 49 27 29 71 19 72 19 51 34 54 35 34 75 32 58 12 55 46 36 8 13 74 62 69 74 25 61 21 16 44 10 28 59 66 42 30 1 9 66 70 60 12 45 62 7 3 51 51 10 54 69 54 5 28 45 1 64 62 27 59 59 60 5 73 24 68 51 10
35
48 51 16 41 32 13 70 6 9 4 11 75 66 52 6 68 17 71 28 30 13 17 74 36 61 33 35 55 68 61 4 60 47 30 62
177
4 10 46 51 74 24 6 26 69 6 17 4 56 66 20 68 53 70 11 41 11 21 26 19 1 5 31 74 37 64 3 26 23 10 9 48 56 23 32 39 66 69 33 16 62 59 67 49 13 60 63 33 11 75 59 29 56 13 41 4 2 63 31 16 33 1 53 52 12 74 20 25 50 42 20 9 58 18 29 52 29 19 45 41 36 48 6 59 18 60 24 34 33 47 19 60 58 66 54 8 54 69 16 10 14 32 7 34 38 20 41 71 70 68 6 67 8 41 43 34 70 12 9 65 70 62 53 13 39 41 31 73 70 4 72 30 69 49 62 39 2 38 23 74 28 65 16 69 47 59 38 24 56 75 37 56 17 2 31 35 20 12 8 40 22 3 3 62 43 50 55 33 73 68 11 42 17
118
4 69 61 6 55 25 62 30 42 14 75 41 63 66 59 27 30 20 39 49 58 33 75 62 65 75 9 33 34 34 31 52 5 39 67 22 17 54 69 16 74 64 62 18 21 57 15 30 18 29 17 72 1 6 56 72 4 19 5 62 60 8 68 24 11 74 24 45 32 44 17 55 18 41 7 3 25 20 19 68 21 63 75 41 60 47 62 39 6 3 40 12 13 70 74 28 6 31 13 14 21 26 6 23 50 23 18 32 31 13 24 45 45 72 22 57 19 28
284
29 35 70 71 27 36 57 9 35 59 31 31 12 7 60 18 46 29 6 44 57 41 15 73 2 69 44 49 19 4 23 17 8 63 46 42 56 61 42 17 67 38 64 60 65 7 10 23 11 33 30 46 73 23 8 16 30 67 53 9 8 41 66 60 23 22 59 26 74 24 18 40 38 49 55 28 20 65 55 60 56 63 67 18 5 70 11 53 74 69 35 67 68 26 22 39 33 46 68 10 30 23 51 69 71 17 54 20 27 49 57 57 50 56 11 18 48 61 44 70 62 23 5 4 25 12 21 51 5 29 31 74 53 41 54 38 56 38 9 42 36 11 68 73 67 33 50 52 60 14 9 69 68 57 13 18 21 53 8 49 56 2 23 29 72 44 49 22 28 23 43 15 28 57 66 52 8 51 12 58 19 19 42 38 9 62 46 12 41 43 24 50 58 38 9 39 15 37 66 14 64 63 69 49 33 46 40 42 7 48 48 67 9 29 40 57 48 45 8 12 30 6 65 51 41 36 56 41 45 31 68 48 26 63 42 49 54 1 50 34 18 16 56 26 37 3 57 73 36 17 12 38 36 11 46 17 21 18 60 28 43 63 64 66 13 68 28 32 5 69 29 13 32 63 62 72 2 22 41 65 2 2 13 69
172
36 10 6 26 30 31 50 53 18 27 25 73 75 8 21 46 47 44 75 62 37 73 64 48 30 45 28 57 24 74 20 26 17 67 19 26 28 70 17 29 15 15 36 13 36 45 39 73 51 46 31 60 35 27 20 26 17 21 39 34 51 73 62 52 17 62 32 55 42 15 35 55 18 25 51 6 34 70 44 5 28 43 34 28 46 19 5 37 29 39 74 54 23 57 19 33 15 63 11 33 21 19 13 48 1 12 52 35 15 65 37 23 41 67 11 39 11 71 17 25 3 65 44 65 30 50 42 14 23 62 58 20 8 69 55 43 40 51 41 9 52 8 38 24 63 64 61 30 71 41 26 31 7 53 21 24 32 64 56 43 8 23 48 57 68 29 74 3 44 29 22 22
106
64 33 31 36 46 70 26 59 19 15 49 71 22 14 63 33 68 7 66 55 64 21 72 73 13 28 17 44 33 60 35 24 35 44 10 2 28 35 17 30 25 19 13 12 26 10 21 40 55 12 13 22 51 26 3 26 52 7 3 32 24 32 17 48 43 71 26 45 66 2 56 20 62 1 60 16 34 25 51 31 70 9 9 10 21 37 18 49 4 60 50 3 71 2 12 55 38 72 42 56 50 42 14 5 30 47
210
69 62 50 15 8 7 69 36 33 22 66 63 12 52 50 39 46 61 41 17 37 48 32 22 62 29 50 7 47 52 52 8 60 9 45 3 1 22 44 10 15 58 25 15 33 12 39 64 36 50 4 1 20 32 29 25 67 40 64 31 17 33 75 41 43 57 24 40 9 8 51 5 6 38 18 64 74 64 21 31 39 30 56 4 32 7 1 26 38 57 35 44 53 7 20 36 34 3 28 64 8 41 29 2 69 3 62 42 1 42 42 10 55 34 8 22 27 19 8 14 42 9 19 63 21 15 4 1 41 63 45 34 16 37 47 7 57 24 38 40 25 21 74 24 18 71 4 27 65 74 67 52 7 30 66 4 27 37 45 63 33 60 74 36 6 40 62 61 36 6 47 9 18 23 14 10 38 65 16 21 16 47 16 70 35 33 3 43 4 56 71 27 58 2 73 28 9 7 6 72 52 64 45 2 31 30 60 72 1 24
202
23 53 61 65 60 69 4 74 42 71 62 15 63 71 28 73 30 11 26 65 47 47 21 53 44 9 50 68 67 69 35 62 4 39 34 56 56 8 20 18 11 42 71 53 2 21 8 41 62 5 46 51 15 22 22 27 49 68 63 38 66 68 59 50 72 53 41 40 67 54 15 12 18 74 52 40 75 40 28 56 2 59 75 17 43 55 8 30 24 75 12 39 24 62 75 51 39 17 8 55 39 47 20 4 54 67 50 36 55 20 54 8 64 49 65 11 56 18 64 18 68 40 51 26 61 13 1 23 68 31 17 63 51 58 41 37 47 39 28 57 63 52 49 8 46 70 67 30 18 54 13 49 20 28 55 65 10 75 64 26 11 40 29 21 49 30 1 16 24 22 73 10 17 71 55 43 19 16 4 49 8 18 67 13 9 21 48 18 33 23 75 18 7 72 28 23 72 32 45 73 44 72
197
9 38 22 28 29 35 39 29 58 66 50 2 69 20 49 11 4 27 51 17 23 21 5 47 44 13 65 1 39 21 40 8 54 27 53 28 69 66 40 69 43 10 27 5 8 32 65 29 21 47 46 30 16 56 13 24 64 23 16 12 44 16 50 28 32 28 39 57 2 74 67 3 65 60 22 5 70 50 52 38 70 71 1 64 71 31 75 21 48 15 49 11 22 9 24 21 75 19 8 40 52 49 50 21 9 19 51 54 72 32 46 36 46 10 35 72 63 75 44 50 68 57 40 71 17 39 66 45 59 32 32 38 20 12 60 15 45 65 26 14 18 49 67 44 21 50 15 18 59 2 56 40 47 14 36 46 68 51 70 27 60 52 17 8 33 25 60 48 39 22 61 67 58 73 45 48 31 13 42 11 42 27 50 34 40 63 45 4 56 4 13 53 60 5 64 53 43
