20
501
417 273
451 370
116 198
66 341
106 311
462 334
130 429
367 202
112 105
366 257
11 221
73 344
25 67
496 413
229 421
122 458
440 304
396 321
473 330
258 391
115 343
152 432
93 175
231 9
104 216
398 133
142 167
228 78
375 48
206 408
287 332
114 247
151 42
43 480
400 233
310 474
477 199
282 238
299 490
40 356
146 429
184 367
183 432
140 248
70 281
274 325
276 318
64 48
59 377
349 419
36 10
232 49
483 447
340 94
463 80
383 38
227 371
385 15
86 368
467 255
316 268
241 465
51 287
454 249
382 39
95 166
113 308
337 72
176 92
144 394
237 219
343 424
91 61
298 301
250 128
416 496
238 10
124 278
476 11
79 235
351 446
186 330
312 46
157 55
195 94
121 81
270 297
327 465
453 413
197 183
224 488
16 483
52 57
474 15
53 52
14 182
407 51
419 398
243 424
392 454
347 461
336 416
300 36
217 145
275 30
245 362
269 463
428 85
69 386
380 349
410 305
353 359
71 35
422 372
285 53
83 20
252 459
170 182
364 329
350 484
362 128
365 13
390 248
330 10
158 67
346 323
448 73
472 44
266 210
368 131
60 267
401 174
143 336
34 409
466 226
458 225
475 286
225 440
49 159
404 67
456 285
135 257
177 393
107 352
105 91
226 166
149 371
31 26
268 496
244 52
460 188
47 51
138 209
271 491
27 169
480 335
479 92
58 459
132 433
341 410
137 417
97 228
303 36
111 174
167 184
126 293
408 414
156 90
489 407
164 263
414 171
22 398
444 32
443 419
280 496
62 225
3 266
255 493
211 271
200 422
423 289
153 313
306 390
314 149
335 188
267 325
76 404
205 390
118 122
230 481
357 426
495 338
464 181
438 76
413 97
41 60
172 102
434 179
344 9
256 63
469 135
411 50
261 203
499 497
320 28
332 369
108 474
84 473
57 250
26 71
236 417
334 65
29 133
75 21
345 183
204 99
160 495
432 501
369 387
99 306
465 95
2 96
403 213
32 74
117 355
148 256
168 463
461 95
187 4
484 56
101 90
324 47
481 121
478 454
203 16
128 230
120 113
181 451
48 280
412 461
173 17
18 402
109 353
405 198
342 104
293 140
239 52
37 123
297 260
190 128
102 7
359 76
326 65
329 314
103 178
39 424
273 19
291 308
468 428
452 371
482 170
437 103
125 100
279 296
315 340
139 467
248 203
147 208
213 245
223 442
399 142
141 437
376 344
262 301
446 221
44 273
257 305
10 290
247 449
290 395
397 302
55 17
292 25
421 139
77 489
6 26
253 103
302 501
78 356
56 239
415 186
455 233
129 142
459 308
348 287
191 283
220 45
21 491
283 293
308 192
395 237
189 438
265 294
318 448
9 380
81 436
166 67
46 142
317 18
5 227
12 10
61 185
201 418
68 371
494 35
284 171
30 377
85 266
110 368
8 157
378 155
447 434
497 229
331 333
491 63
485 359
161 223
391 331
418 157
92 497
28 244
354 432
249 260
289 69
123 489
234 157
372 453
439 389
89 334
202 292
50 386
361 135
218 351
370 137
171 205
313 25
371 490
240 31
19 383
35 225
100 390
133 34
96 415
441 376
339 316
427 151
154 327
309 412
259 254
384 337
162 293
24 319
431 333
208 473
305 488
420 331
374 224
435 428
221 231
325 28
15 307
295 89
222 392
134 109
311 51
296 126
219 319
233 364
82 379
286 370
333 194
251 446
90 201
165 249
207 36
198 318
358 202
442 361
182 71
212 456
216 349
402 468
155 66
319 411
493 103
377 130
281 480
72 390
393 438
74 11
381 391
304 121
175 30
488 119
328 326
242 1
426 230
94 323
425 406
264 463
193 5
17 95
214 238
54 199
430 58
260 444
386 354
150 342
169 237
394 186
67 250
178 300
263 455
45 186
80 355
33 77
436 150
192 81
429 197
323 133
301 398
88 472
379 366
389 38
498 235
457 244
272 328
471 259
38 276
1 24
87 304
4 22
470 373
185 85
210 331
174 17
360 156
338 104
23 414
356 193
163 89
13 165
65 274
145 167
159 71
188 59
433 190
20 103
235 484
445 275
131 200
363 44
449 484
307 341
406 75
288 309
119 465
322 171
388 430
409 421
179 236
246 55
294 459
7 482
215 290
321 126
196 236
500 254
486 144
63 27
387 453
136 73
492 414
180 56
194 209
199 24
352 358
355 169
254 13
373 116
277 183
278 99
490 438
127 415
209 225
450 374
42 138
98 384
424 48
487 471
763
361 751
172 471
244 694
663 492
336 486
677 681
96 559
163 696
681 53
101 252
357 371
235 494
421 127
757 352
83 685
302 218
356 738
595 511
14 334
691 644
251 346
370 411
343 453
160 754
289 532
339 550
455 509
586 351
546 257
641 618
670 100
666 378
723 737
512 515
214 493
256 292
37 741
408 552
35 62
562 610
579 507
273 430
396 663
401 3
120 251
707 540
687 724
644 114
198 179
375 164
570 49
480 200
402 401
193 752
532 285
280 469
669 294
181 438
637 520
190 430
13 509
85 624
684 174
141 570
247 701
754 515
672 343
366 544
206 417
258 329
238 712
740 733
631 670
8 195
428 434
26 457
464 202
657 226
451 311
159 322
680 484
541 117
725 237
114 123
62 664
393 744
470 303
220 529
65 122
40 123
236 503
743 719
718 239
683 326
216 247
330 680
155 533
638 358
747 540
315 63
479 70
178 207
74 688
688 593
320 419
100 172
548 241
55 356
156 749
242 200
386 556
303 719
367 592
634 36
381 542
334 452
278 457
312 106
716 749
344 184
566 375
760 441
60 686
130 23
650 167
655 756
601 121
222 531
145 662
676 710
537 12
623 414
556 670
458 344
653 16
551 397
341 73
184 606
209 50
255 138
608 721
360 397
732 160
71 349
30 436
522 169
271 15
385 545
133 88
42 577
620 304
298 60
24 228
221 108
18 176
200 591
652 623
165 642
705 609
523 672
177 525
621 24
425 588
417 39
710 35
82 367
414 735
587 16
701 485
536 111
498 60
144 529
759 542
263 330
397 706
325 94
728 186
45 236
279 344
671 546
117 575
569 3
363 482
440 74
99 245
129 384
97 146
240 299
640 410
520 90
525 240
392 516
176 269
111 11
308 424
73 624
124 144
399 417
257 29
126 171
102 269
164 200
486 701
31 244
70 447
54 694
293 250
495 689
252 702
19 633
615 166
307 82
266 619
477 504
531 272
500 664
494 249
538 98
499 8
542 713
459 690
519 719
702 131
107 299
204 419
761 461
98 312
591 746
583 504
597 411
395 558
409 388
322 416
387 500
758 169
398 38
376 680
67 612
661 180
180 127
695 168
350 1
530 422
656 145
626 405
443 402
668 203
213 256
192 104
388 495
225 534
318 30
228 174
404 647
372 626
430 725
338 711
66 122
619 186
449 743
708 308
137 415
659 147
4 399
727 476
712 271
721 690
633 684
630 220
195 445
351 110
731 438
610 406
730 216
582 352
419 388
400 76
105 413
173 472
260 734
742 185
420 13
150 420
61 254
210 390
119 313
234 516
203 167
741 73
331 9
645 89
354 248
415 52
622 79
232 432
573 261
243 206
543 533
229 650
196 2
139 624
78 6
667 393
33 540
358 472
201 40
25 601
686 645
169 762
29 299
575 722
624 467
337 515
437 145
739 222
317 108
16 262
115 588
614 305
3 138
709 730
188 670
134 729
91 365
552 281
405 116
182 256
305 126
593 205
122 548
281 577
473 255
463 582
413 514
628 507
555 345
264 474
342 262
698 145
585 485
639 565
465 212
383 760
416 390
491 428
17 352
57 67
391 520
118 27
706 653
627 647
319 382
378 97
678 608
612 187
675 530
545 713
481 381
76 357
283 310
471 336
576 465
254 356
682 301
345 139
563 488
147 643
554 434
544 424
352 475
12 444
58 679
113 413
746 10
617 138
197 440
513 198
199 161
109 247
462 18
138 340
167 403
429 140
713 465
353 224
724 637
433 486
407 346
265 579
332 371
596 91
223 29
80 101
49 413
751 301
565 312
291 194
39 466
286 255
557 441
245 56
276 517
589 212
679 293
32 269
146 492
38 131
594 546
673 467
574 191
136 517
567 411
715 336
46 738
373 61
287 645
572 119
131 418
648 522
475 498
10 367
103 693
704 601
467 469
444 211
750 194
349 41
90 446
590 173
410 319
629 462
310 454
756 153
412 240
348 638
434 645
697 438
295 182
647 561
665 619
526 593
744 685
28 633
268 360
142 449
2 737
734 208
274 307
539 18
75 453
270 111
553 678
53 133
738 78
1 635
148 292
658 495
217 453
403 648
226 276
441 763
564 655
79 534
584 427
272 264
452 464
194 312
726 30
380 217
92 653
660 66
275 284
56 378
646 534
326 576
442 152
63 714
237 611
505 598
368 227
212 415
445 420
497 225
466 670
489 652
313 688
485 415
571 84
157 521
418 341
241 724
762 116
253 602
406 746
558 708
108 244
602 391
166 13
692 563
699 399
549 141
483 200
693 641
68 503
508 166
153 169
288 217
488 713
719 287
493 248
446 9
170 435
152 699
72 159
578 520
753 722
389 275
496 359
700 45
598 79
346 104
749 721
300 73
328 759
527 281
722 497
394 134
384 279
183 617
382 165
592 731
297 373
689 453
112 479
277 140
547 35
189 221
250 388
371 25
454 701
179 742
15 509
304 70
390 699
748 257
187 221
635 137
94 315
329 235
333 709
230 579
487 370
106 69
248 574
290 366
6 678
431 269
262 490
151 727
340 740
362 32
51 402
606 148
457 414
127 742
752 713
369 418
711 665
461 562
426 264
215 546
335 281
128 682
674 122
110 172
510 339
524 492
219 280
81 323
135 82
611 148
618 501
365 126
654 645
261 477
299 392
427 238
231 751
259 547
292 202
132 7
208 234
27 210
482 655
321 688
149 124
604 219
560 134
514 388
550 593
285 353
636 690
69 501
44 153
503 466
186 675
600 160
47 591
664 523
143 703
632 65
609 247
535 70
327 418
205 76
521 466
168 387
95 700
86 145
306 387
448 699
577 135
224 227
533 125
511 31
171 726
377 288
534 573
20 359
154 59
161 30
492 385
36 568
603 330
269 447
50 259
651 69
301 654
561 757
588 523
89 120
625 574
453 234
174 711
581 7
43 504
435 115
379 7
246 407
411 722
745 124
88 739
316 297
191 518
694 361
507 347
506 754
374 580
309 70
21 221
484 687
501 590
432 340
717 640
59 419
474 482
41 402
643 751
239 200
64 134
125 127
324 334
605 597
207 108
347 545
447 233
77 175
5 21
48 467
607 572
211 700
52 289
423 467
690 364
504 134
121 248
529 524
284 619
11 645
104 194
559 38
323 189
364 726
720 399
218 721
509 88
438 405
456 90
93 355
735 189
460 227
696 289
175 555
296 202
282 428
202 276
599 465
267 476
469 190
9 675
158 429
737 234
736 219
616 365
472 110
662 162
517 441
733 324
422 158
685 203
755 655
233 15
311 118
642 763
424 514
518 559
87 453
227 473
34 160
439 677
613 494
249 90
540 236
355 623
23 115
436 494
116 175
515 403
528 28
84 614
580 250
450 758
123 14
22 592
490 139
294 377
359 637
476 164
162 18
516 224
729 542
714 65
314 702
140 240
7 366
649 696
703 562
468 674
502 321
568 252
478 596
185 253
28
11 28
20 5
13 22
26 24
4 17
5 18
2 22
25 26
23 25
17 27
27 21
8 27
19 16
16 25
24 14
14 1
10 28
7 2
9 14
22 11
15 26
6 10
18 14
1 28
3 4
12 18
21 9
211
69 81
151 203
33 184
200 86
21 62
100 81
74 157
22 82
208 165
110 10
120 26
169 131
81 167
48 118
118 42
107 74
26 125
121 32
187 104
174 210
39 75
92 77
20 60
63 17
45 185
66 76
16 201
157 22
72 161
166 58
96 160
51 208
94 65
8 94
152 108
129 175
6 51
3 25
85 22
116 171
64 174
149 151
27 207
65 106
103 153
82 32
133 150
139 168
40 205
173 194
78 189
179 147
146 93
207 66
55 158
135 131
80 98
124 127
154 8
153 205
130 69
53 86
165 86
77 174
196 134
136 67
170 69
52 137
164 36
32 127
193 191
50 144
101 102
23 195
38 15
35 6
24 41
79 160
128 92
206 183
198 201
54 1
60 110
142 204
90 168
176 29
131 152
158 191
83 65
155 183
141 70
99 160
209 138
34 187
7 82
13 17
178 62
30 124
62 86
189 27
160 153
183 52
163 165
46 157
31 16
76 18
182 164
195 89
86 150
5 78
185 64
91 23
181 82
41 187
68 30
1 93
75 146
111 118
148 211
9 148
134 16
44 98
172 180
119 125
108 69
202 92
132 99
115 131
2 197
109 10
180 90
203 47
123 53
114 170
190 185
147 123
188 151
36 7
113 75
171 106
104 60
167 111
28 16
4 171
84 96
49 94
105 92
156 147
93 159
59 142
61 186
95 164
194 25
162 34
168 3
57 66
88 73
143 162
197 102
125 184
58 148
144 120
14 187
17 114
175 47
159 76
47 88
29 78
126 207
150 43
87 208
10 84
122 175
204 176
25 177
161 119
42 166
19 111
140 129
102 114
73 115
97 86
145 137
43 148
186 8
71 14
137 174
70 137
210 33
191 202
37 51
112 99
11 21
192 100
184 167
12 54
106 164
89 112
67 94
18 99
117 59
205 133
98 131
56 12
138 63
201 160
177 77
15 10
127 183
199 210
125
103 89
97 90
55 114
9 125
42 25
43 50
34 99
91 106
24 99
59 85
3 124
105 90
113 53
66 27
78 6
95 118
21 72
22 91
32 100
38 86
2 77
115 111
80 12
64 23
58 93
5 11
85 61
111 29
121 90
56 62
14 62
72 9
69 73
117 58
84 87
62 35
25 41
86 112
37 119
26 70
107 39
108 114
63 104
17 29
101 23
92 4
94 53
83 18
16 125
45 85
41 64
47 109
12 125
20 107
1 24
118 23
31 78
73 101
119 116
100 111
116 105
48 114
114 16
54 26
82 121
120 10
104 10
67 86
57 31
10 111
7 103
112 10
71 99
53 52
30 86
33 111
36 69
40 18
6 15
23 6
11 68
52 22
51 29
106 44
44 90
68 79
61 12
110 11
99 49
18 90
74 101
90 8
77 7
75 60
65 120
96 23
76 7
124 40
4 53
19 45
122 99
15 13
79 3
98 113
39 60
50 13
49 81
8 80
102 91
70 78
60 18
35 5
13 65
88 44
27 22
28 44
87 24
109 24
81 44
123 8
89 123
46 7
29 90
93 82
204
139 187
64 171
65 174
69 79
46 32
28 20
130 43
48 119
35 109
9 58
113 120
198 168
57 26
94 61
81 80
3 161
88 49
160 170
195 107
21 68
5 18
134 2
40 141
97 195
184 194
127 12
116 59
137 196
191 198
129 23
90 197
84 160
152 201
104 64
112 123
150 26
43 18
26 86
85 69
145 77
33 20
77 177
25 194
36 179
45 91
126 187
6 16
179 182
38 57
168 203
143 106
164 157
115 195
159 80
47 180
86 145
131 107
108 140
50 189
56 44
172 81
2 53
99 84
89 12
154 115
4 186
176 46
42 129
59 29
8 93
100 56
22 163
61 102
147 188
165 74
149 129
60 45
73 28
202 121
68 91
117 151
153 143
96 140
132 10
55 79
15 158
158 119
80 31
128 40
37 27
17 116
141 61
161 117
135 172
49 180
92 75
138 69
125 51
162 124
75 87
19 9
95 50
193 175
63 105
41 36
70 170
54 12
111 119
10 89
93 177
197 37
185 146
118 204
14 99
103 40
189 201
190 184
72 154
82 198
122 107
110 175
11 150
199 103
136 138
7 163
79 11
105 172
71 89
58 14
66 113
188 89
20 37
148 159
124 6
83 120
109 179
166 177
178 164
120 191
155 25
192 13
1 67
23 108
163 191
203 101
44 10
53 148
76 26
29 198
157 17
142 69
196 52
87 150
106 189
62 53
133 143
24 111
201 199
169 34
200 33
91 48
119 165
27 13
34 29
121 4
146 28
52 18
78 170
51 144
16 190
175 176
123 104
32 102
182 181
67 115
167 92
39 163
186 71
151 169
156 166
173 27
174 168
177 195
30 41
31 59
74 25
181 143
114 142
13 94
18 82
12 64
140 146
144 19
107 102
98 6
180 204
187 10
170 187
194 56
102 168
171 148
183 126
101 204
591
390 130
385 92
162 21
513 213
146 551
171 12
315 335
260 312
186 19
170 445
44 578
552 342
137 406
389 539
339 326
165 231
377 430
194 99
589 542
26 180
198 56
494 195
456 404
522 350
237 372
393 213
130 287
190 425
214 132
42 159
298 254
147 173
322 19
282 5
435 349
188 80
103 41
581 106
248 157
28 335
555 202
60 330
161 572
84 431
209 298
276 27
274 249
341 45
208 567
185 501
407 72
455 136
163 535
342 220
444 26
53 480
409 65
266 315
152 83
110 46
268 226
576 388
371 565
159 192
477 385
568 547
365 565
416 277
362 166
401 524
586 437
488 434
483 570
352 105
330 533
392 538
35 564
447 354
559 170
459 36
197 316
52 219
311 585
422 441
150 12
153 269
243 461
558 19
497 298
131 61
207 541
177 204
222 445
229 442
460 380
32 455
350 517
503 96
309 140
8 67
286 566
158 165
227 406
259 576
445 76
411 34
129 579
367 41
114 200
468 475
405 90
238 529
120 80
448 276
6 426
451 326
319 265
340 309
254 87
426 207
343 558
432 89
364 586
216 109
440 378
173 271
534 113
226 129
538 294
502 138
504 214
587 512
495 53
498 384
24 530
332 68
11 245
519 70
532 33
418 211
191 212
135 353
496 93
308 46
561 167
96 125
567 280
17 267
125 243
30 184
475 320
14 91
231 535
242 39
205 158
233 271
253 354
413 231
482 80
338 209
472 320
87 566
506 231
574 168
565 94
363 400
192 328
539 260
356 576
78 434
22 468
333 449
345 160
164 346
590 295
100 198
15 533
119 49
397 332
313 497
154 233
168 468
289 162
109 139
199 142
463 91
452 117
433 47
556 222
34 414
149 145
301 91
335 404
526 420
23 529
63 562
184 532
39 207
230 528
219 392
126 435
116 440
267 108
412 73
537 358
278 78
391 40
512 567
387 454
157 516
176 504
203 331
241 477
142 341
480 85
358 387
69 29
398 452
57 244
438 282
314 223
132 493
90 240
240 567
366 211
560 415
479 212
403 456
404 254
51 86
102 255
16 433
236 95
196 382
344 112
280 466
380 440
76 61
139 403
355 1
530 498
202 455
262 426
123 350
245 21
234 149
316 487
68 253
446 495
77 516
264 352
271 224
454 132
419 397
272 221
312 158
295 88
59 52
9 524
481 428
290 444
572 320
178 115
431 90
223 43
457 359
359 297
303 283
394 584
121 276
141 237
580 336
12 486
210 442
244 246
189 259
400 231
75 407
443 35
531 79
118 182
540 117
515 233
252 364
354 133
183 320
486 519
247 431
410 113
283 223
1 36
369 140
275 372
13 289
376 3
255 253
510 222
48 107
246 159
46 200
427 91
105 510
98 313
501 39
291 139
462 571
239 287
579 452
179 452
263 564
221 87
273 310
220 400
428 171
21 319
279 324
425 28
439 63
172 492
258 398
408 232
514 430
40 235
218 261
182 448
143 403
584 261
546 490
320 165
399 69
92 351
544 454
328 572
85 553
25 387
507 140
306 261
148 361
417 421
144 499
41 349
549 231
27 338
61 469
357 378
321 129
500 339
18 378
113 290
19 207
5 553
585 105
134 124
337 305
73 192
476 174
94 372
326 410
353 359
564 509
518 168
465 579
232 490
450 227
296 169
200 130
80 40
323 38
429 199
277 63
388 153
224 286
175 465
470 225
487 50
492 77
174 129
523 60
4 425
543 122
551 354
95 371
370 526
521 365
140 105
36 92
351 415
525 391
471 588
421 278
442 195
181 456
55 137
383 136
516 198
288 152
361 255
294 55
310 167
529 559
469 348
420 115
304 60
54 126
402 42
474 455
193 73
201 268
169 198
225 6
569 86
467 531
128 184
434 185
213 270
106 536
511 130
536 534
327 538
107 227
212 261
256 526
360 528
509 530
70 215
317 143
346 183
528 339
297 584
563 94
347 536
473 474
381 478
86 526
331 484
449 475
64 283
478 306
88 344
211 310
379 96
166 338
505 207
270 232
493 338
93 277
441 354
81 270
91 105
484 116
517 510
33 54
325 486
217 307
74 144
578 49
378 279
299 111
575 508
108 387
548 48
436 212
160 402
541 304
145 401
508 165
453 345
284 471
466 51
307 547
136 509
396 419
302 323
265 117
257 532
535 564
155 73
305 204
104 407
395 575
29 117
334 23
187 246
545 426
50 452
31 128
45 374
58 224
206 116
571 217
458 128
293 199
133 586
368 214
20 38
180 464
336 358
524 23
195 381
250 292
115 157
557 248
3 503
583 316
490 450
117 137
235 316
2 92
382 360
89 486
62 173
151 96
43 374
37 427
414 115
83 574
10 214
228 215
7 48
386 486
269 146
127 278
251 445
167 347
71 218
285 10
384 82
324 234
582 473
570 401
527 219
215 291
349 591
374 6
112 175
499 28
372 24
79 331
461 214
72 191
82 536
49 251
550 383
329 293
56 532
573 29
156 120
464 31
491 227
430 192
424 361
489 424
67 4
588 261
373 520
249 31
300 16
375 392
318 117
520 499
281 185
65 240
97 231
66 152
437 317
348 182
415 499
577 261
124 163
138 569
111 289
292 466
542 438
406 358
204 316
101 467
261 161
554 191
38 334
47 320
287 103
423 424
533 187
547 425
562 226
485 467
566 353
553 358
99 369
122 398
531
266 414
172 45
330 262
346 8
55 391
197 451
230 132
413 1
506 385
173 522
90 337
311 33
362 274
281 423
487 41
397 241
49 278
420 177
14 220
144 475
146 516
485 436
521 132
473 456
88 376
239 17
400 168
100 461
84 128
5 208
236 484
11 284
26 304
304 436
151 494
149 257
472 314
461 197
314 123
52 9
259 88
463 253
523 252
332 240
154 454
470 224
306 410
1 97
525 304
250 526
290 421
216 56
177 396
442 278
169 405
42 329
499 515
284 416
310 447
444 318
476 469
17 471
253 207
28 526
232 263
157 92
370 377
141 139
75 521
219 152
466 182
63 437
189 325
6 425
85 458
139 382
415 170
213 192
193 358
326 444
257 160
513 187
128 244
241 32
432 215
491 28
202 368
402 428
264 351
324 319
313 136
474 407
323 296
315 386
440 315
111 179
469 89
508 374
475 387
40 375
408 519
512 487
417 401
220 29
302 281
273 156
61 298
224 385
167 525
251 11
464 376
124 31
222 226
33 512
507 73
87 1
3 524
39 138
265 313
160 101
423 206
86 265
134 498
529 173
455 369
429 138
41 379
60 435
110 182
479 42
16 269
275 195
263 415
98 426
381 417
94 343
345 22
227 257
519 67
450 35
102 135
410 174
320 513
233 91
374 175
349 166
196 41
57 200
406 238
203 444
91 333
237 525
403 303
276 237
460 436
494 289
457 163
283 19
190 387
9 320
488 20
192 404
404 152
395 523
140 490
156 256
447 73
392 282
453 292
15 511
103 443
419 232
255 370
228 65
45 90
502 477
360 489
505 85
145 66
159 398
434 527
208 518
340 471
480 484
188 149
143 10
248 134
201 522
277 440
335 304
458 522
296 247
379 116
377 131
341 368
12 326
484 237
137 408
19 427
221 232
142 166
212 43
267 483
122 211
21 9
351 239
490 176
394 107
51 435
524 501
38 428
123 12
366 205
29 248
387 128
246 441
338 132
163 444
58 44
321 114
7 188
22 71
27 284
497 488
252 134
209 431
113 318
82 344
427 21
299 458
412 70
135 121
118 486
50 154
516 249
240 260
292 222
359 307
260 347
89 45
77 187
498 324
138 267
101 211
391 483
210 303
65 38
422 457
69 61
73 60
245 111
96 67
66 70
456 77
393 483
74 469
504 314
4 311
274 522
293 496
242 5
318 492
108 318
200 345
270 394
471 272
35 239
495 20
243 369
409 2
206 384
70 163
133 390
125 232
43 355
199 310
328 518
78 379
104 386
175 484
178 128
358 104
62 175
489 5
32 292
191 302
492 321
383 20
307 247
235 99
127 13
454 468
399 460
452 294
185 160
312 63
181 28
398 219
47 448
500 197
352 401
76 43
445 337
327 21
436 350
184 147
229 451
407 232
126 281
287 283
107 90
226 128
431 337
131 500
522 61
24 234
120 484
81 107
37 508
223 416
343 457
174 6
380 11
390 283
23 94
268 159
72 285
459 73
348 64
83 113
95 493
465 340
136 359
92 46
308 451
59 158
336 254
112 350
509 381
53 527
439 52
426 328
317 408
179 396
25 314
234 122
114 252
225 204
71 228
171 7
116 129
329 290
435 428
401 60
517 361
501 345
503 7
448 119
446 109
354 176
256 360
20 208
18 33
10 57
129 309
342 34
254 381
176 173
183 65
186 385
350 293
493 312
182 26
261 367
339 100
93 200
153 349
170 513
363 87
468 157
510 503
344 378
2 528
147 244
244 311
385 369
353 135
258 313
148 117
483 311
97 480
416 270
303 244
424 396
428 108
356 470
121 500
8 13
319 161
518 157
334 352
437 308
231 204
511 250
369 270
478 36
451 23
194 236
204 210
496 81
418 4
291 76
115 101
31 419
218 379
411 99
414 413
272 525
217 439
364 8
195 473
119 93
295 405
421 424
526 391
337 225
67 337
211 296
372 28
215 267
152 67
305 334
187 424
527 264
279 528
388 230
322 438
357 282
368 184
371 148
44 104
205 24
515 72
54 479
361 131
36 492
331 511
282 405
30 185
262 326
117 46
288 419
514 263
48 244
443 184
164 521
520 310
438 390
247 458
168 361
269 410
309 531
289 214
280 410
161 526
482 478
214 436
271 19
300 180
367 512
80 335
198 36
158 266
298 217
481 408
386 90
433 450
333 307
162 250
238 4
373 172
316 2
68 441
99 281
130 323
382 94
79 388
389 310
467 45
132 477
375 510
46 517
430 294
530 531
106 461
325 448
425 75
347 84
486 67
297 74
384 141
355 451
285 40
249 102
378 149
462 176
13 34
405 324
286 270
166 41
207 320
109 39
165 200
528 134
150 478
441 83
396 291
34 4
477 422
105 178
155 30
365 71
301 133
278 319
180 504
376 164
294 18
449 143
56 247
64 28
595
429 452
562 344
568 107
413 187
498 313
576 9
314 387
341 49
534 517
527 230
552 285
85 277
103 84
378 480
280 528
108 5
546 349
135 340
176 25
506 509
409 535
421 98
454 393
518 221
311 577
366 562
583 271
100 133
252 301
224 320
92 192
126 54
26 483
77 84
35 380
195 502
430 48
272 14
529 351
456 391
152 445
379 347
331 541
265 126
45 227
462 306
582 505
44 122
493 183
123 547
416 1
575 144
448 287
305 189
528 536
57 142
90 293
417 179
545 519
130 287
415 302
455 259
245 383
240 360
451 107
10 382
390 51
200 42
282 40
274 554
256 30
248 578
104 523
59 344
102 514
54 409
109 379
213 425
209 307
382 419
441 437
474 132
125 20
83 386
168 322
317 531
300 245
141 507
220 472
521 24
480 424
185 313
328 533
29 430
207 32
142 34
139 392
338 324
212 333
263 448
172 317
258 209
219 275
275 226
461 84
27 447
276 208
14 419
155 454
2 93
98 463
12 585
171 288
459 393
556 381
5 509
246 216
381 386
230 309
266 116
50 298
144 183
178 119
348 458
113 156
243 169
563 588
412 408
86 10
112 149
553 169
372 157
398 134
400 39
46 298
392 56
467 413
217 503
148 254
210 379
72 451
170 16
360 56
164 257
294 332
438 567
579 529
264 200
228 209
393 285
367 454
39 273
533 368
443 543
260 386
496 185
81 94
404 479
257 348
560 131
332 151
285 174
307 470
156 466
117 19
127 531
574 441
520 127
201 478
517 407
308 382
457 239
450 161
17 219
399 169
24 209
277 342
165 580
394 106
543 481
325 417
466 445
479 591
440 55
452 192
504 577
327 444
442 445
544 404
160 289
335 529
110 135
179 208
271 528
293 291
503 67
326 405
473 452
566 595
167 377
445 504
491 336
233 278
33 22
115 310
351 315
74 273
549 63
302 323
7 579
128 550
8 458
345 38
515 530
37 294
337 258
278 527
495 283
502 246
383 211
368 509
336 123
377 230
434 359
84 550
143 523
342 427
333 445
106 194
384 494
551 301
510 319
405 342
303 292
540 572
208 51
397 172
330 95
478 34
169 121
514 348
291 83
589 143
513 297
497 261
226 45
411 570
158 102
254 118
157 192
244 444
151 543
344 7
251 442
261 401
489 223
431 529
516 548
369 251
476 238
501 29
485 569
131 191
231 299
88 377
214 505
205 302
511 142
401 38
193 100
418 296
237 25
268 125
22 566
129 262
349 460
512 11
346 356
111 41
536 384
564 417
468 294
419 116
75 287
318 380
58 140
386 566
591 546
253 487
578 404
267 117
132 22
222 252
227 95
538 338
295 533
269 56
91 299
406 257
38 298
425 120
234 138
62 348
147 420
154 16
186 403
105 249
218 471
555 37
339 230
229 175
25 66
97 321
281 62
162 120
73 11
273 465
149 551
119 253
161 97
95 485
140 40
524 296
395 316
500 383
508 575
82 327
486 318
292 367
315 255
580 173
68 471
460 124
36 554
64 103
9 22
41 317
182 15
19 164
507 303
588 67
197 437
34 293
21 566
567 372
581 487
23 479
93 172
304 331
99 407
577 30
530 273
453 192
20 455
225 564
137 496
439 62
558 96
138 387
334 110
114 340
414 228
494 424
118 1
594 483
96 46
590 411
49 162
187 179
373 434
65 418
255 204
542 34
362 510
78 367
561 464
559 202
499 21
188 457
87 44
592 5
279 511
89 408
309 426
477 310
420 179
488 271
436 172
403 151
548 386
353 3
471 371
124 554
221 72
198 297
547 387
427 494
402 140
584 113
470 507
174 290
509 30
428 286
387 577
175 367
238 246
181 432
310 478
426 291
469 167
523 329
286 130
444 507
410 116
235 168
532 290
101 542
370 449
206 274
355 37
192 105
482 88
4 582
569 455
531 47
51 148
593 251
464 183
432 411
145 255
69 193
183 239
408 451
80 273
289 326
203 217
572 470
391 432
242 390
433 473
396 370
189 43
586 430
30 456
550 108
136 424
324 371
71 173
180 497
519 367
437 89
53 542
374 509
481 473
163 39
133 474
134 494
357 509
487 52
150 111
173 148
343 220
247 444
116 595
347 298
11 496
352 301
13 108
422 96
329 365
55 48
526 197
371 215
389 118
472 571
364 174
358 244
458 194
153 484
554 164
199 130
107 95
573 88
320 488
296 508
236 51
483 493
146 400
159 211
356 567
47 57
191 594
15 326
313 239
18 20
290 127
61 411
56 526
287 437
177 133
196 569
204 267
323 72
361 480
76 543
120 324
537 489
259 177
321 200
365 16
94 146
492 387
31 119
435 261
484 516
297 500
447 126
1 285
571 574
380 47
194 318
539 518
70 220
166 592
525 277
340 400
184 460
28 310
3 470
288 214
446 345
241 253
60 282
570 153
541 163
312 532
449 164
63 479
385 379
375 520
215 487
424 312
32 28
16 590
388 189
121 68
505 588
122 203
52 452
250 93
262 567
350 192
465 437
284 171
306 348
557 127
463 118
232 346
475 500
354 546
270 549
301 381
299 379
565 495
319 438
249 554
298 398
67 436
202 164
223 251
48 168
363 218
79 267
43 147
322 166
42 369
376 428
490 50
216 197
587 450
407 479
190 388
359 167
423 263
283 177
211 472
585 86
522 393
6 573
535 204
239 198
66 449
316 403
40 244
892
144 392
810 439
157 847
161 865
331 427
173 391
526 505
244 752
166 541
785 594
328 821
795 88
103 829
544 214
661 535
884 391
577 464
650 470
861 10
97 359
326 293
885 468
202 602
278 416
862 807
713 338
266 212
378 243
508 235
590 353
796 478
838 448
364 579
356 754
296 435
224 386
752 49
869 401
36 623
500 394
476 855
236 442
710 607
837 371
78 349
218 740
232 570
603 559
532 672
273 89
399 655
620 781
120 159
517 386
445 807
304 301
804 292
191 621
413 150
771 757
506 44
561 487
6 424
597 502
600 419
731 881
274 71
251 587
70 753
678 869
270 567
411 90
127 611
581 356
828 327
594 36
605 106
475 259
137 44
582 252
74 178
806 40
19 499
329 792
221 484
352 23
42 463
564 391
721 160
111 771
759 886
178 231
333 408
773 241
306 410
182 132
689 626
635 359
418 794
290 614
618 48
622 624
355 646
67 534
416 875
764 352
844 769
749 80
811 521
362 807
220 213
142 752
159 841
27 672
524 122
684 725
703 512
849 837
346 824
672 687
76 873
571 856
88 884
720 837
89 188
738 816
763 661
260 555
382 496
453 410
340 876
147 240
234 800
219 837
656 651
658 755
685 84
17 890
646 330
92 345
135 277
851 595
462 887
402 784
574 196
599 361
691 571
510 852
239 624
113 388
753 375
98 71
750 874
28 243
845 396
223 854
857 611
56 514
338 463
831 462
467 262
878 216
283 442
686 360
479 377
58 177
502 818
822 105
602 798
227 422
13 234
520 573
101 533
579 214
412 603
497 659
548 630
160 508
553 124
872 221
119 760
32 554
54 737
122 445
659 136
83 298
287 117
830 347
675 619
888 101
325 841
71 153
481 558
264 885
284 635
46 27
647 822
404 818
431 203
208 367
617 408
359 716
751 614
145 528
585 860
567 585
460 490
302 440
705 525
629 260
247 150
563 791
777 555
432 380
417 835
812 409
449 242
702 372
424 539
373 114
255 34
477 172
873 86
512 203
277 215
334 55
196 33
610 498
307 856
525 110
835 81
748 70
433 773
358 266
791 3
637 306
233 831
726 552
367 708
62 515
222 69
836 163
744 51
793 198
388 488
587 444
486 31
228 693
308 273
164 116
104 728
156 770
483 307
403 219
826 106
335 820
815 213
150 799
425 574
723 736
118 22
435 608
487 519
93 170
285 182
568 852
755 99
314 32
832 216
890 888
774 100
136 470
451 235
761 732
195 290
843 565
371 166
630 205
194 545
60 744
30 478
66 545
389 650
64 393
781 344
294 279
40 21
868 352
154 267
490 687
736 592
557 563
671 434
229 836
75 268
351 41
259 441
741 550
109 465
768 212
267 19
452 888
426 494
172 314
613 855
679 125
257 431
48 330
146 86
604 508
756 165
864 757
256 713
746 158
608 430
330 808
638 524
353 8
430 592
496 189
189 32
488 420
420 834
886 105
474 551
592 255
697 681
722 179
551 877
541 501
95 319
345 221
130 395
55 295
643 393
614 503
292 205
339 439
254 852
187 366
25 250
390 43
436 517
772 18
246 176
625 231
282 740
846 441
21 89
478 617
631 188
289 335
677 892
90 508
405 564
241 665
879 661
375 486
660 809
152 191
441 543
558 591
316 168
149 860
509 780
429 136
627 459
809 242
745 358
695 785
687 249
465 380
469 589
151 722
250 526
529 811
783 855
39 471
409 26
694 82
387 320
381 114
141 645
341 505
317 353
406 796
360 606
640 302
268 697
201 58
798 452
245 705
349 179
200 725
242 692
143 264
177 577
855 166
33 180
819 680
466 670
167 671
607 834
850 743
84 36
5 855
740 89
394 481
81 45
368 13
485 628
680 457
786 536
654 631
473 245
125 206
651 316
363 551
511 627
673 515
82 790
188 707
86 28
348 78
444 584
43 242
374 167
249 133
38 199
747 443
664 437
291 178
72 80
155 210
77 461
91 107
719 745
887 818
692 389
265 707
398 188
423 311
29 407
653 221
769 574
882 620
513 675
179 821
794 228
396 214
385 620
372 252
44 190
148 711
754 829
545 855
715 428
293 887
327 447
369 658
23 680
47 489
193 66
790 634
94 546
840 620
105 595
760 105
821 182
45 109
681 796
834 207
480 459
215 629
789 590
535 257
332 811
106 442
889 488
495 469
494 167
589 653
175 139
321 56
134 748
666 768
163 405
611 158
438 387
212 207
240 767
708 43
471 472
727 536
253 652
184 467
446 473
434 769
231 605
18 286
725 594
493 232
51 701
547 837
138 142
543 671
258 578
310 139
298 519
829 657
501 294
802 514
174 492
632 233
739 421
37 525
132 671
312 643
392 150
9 62
562 37
303 11
213 351
801 212
593 851
337 73
41 780
776 556
463 482
816 149
87 784
216 758
110 588
642 765
370 536
842 149
688 56
523 275
180 460
395 64
669 171
657 433
49 108
649 486
858 842
734 241
714 618
670 658
847 548
538 588
528 619
704 165
665 613
422 219
712 621
203 406
419 622
380 846
297 49
211 593
115 603
813 820
102 195
549 876
792 405
248 617
450 443
707 826
606 285
556 757
272 144
552 154
226 82
170 777
458 580
197 881
498 582
733 857
217 501
1 417
439 591
859 205
361 80
225 458
162 733
863 208
112 633
482 670
729 327
20 474
825 250
400 428
319 473
139 332
492 273
757 414
186 103
609 135
596 111
787 7
447 161
263 745
652 341
397 81
24 38
230 271
61 747
305 881
797 233
539 293
674 264
521 672
124 441
73 463
595 308
100 885
770 144
108 287
867 141
824 675
16 299
856 184
205 606
505 352
464 461
701 619
210 59
641 5
376 708
318 442
682 669
732 780
300 30
779 375
586 184
129 379
555 439
350 298
626 475
546 155
14 525
311 357
343 875
533 547
827 734
730 526
8 281
313 288
542 270
644 367
634 879
336 292
57 730
99 460
584 382
4 500
214 207
573 535
198 281
588 891
854 199
126 511
3 875
881 814
176 734
636 609
199 249
616 424
238 429
448 342
414 172
619 364
601 608
286 431
440 234
800 247
114 350
12 624
503 367
192 720
676 499
803 34
742 807
700 612
491 422
443 88
133 742
15 310
728 773
743 544
876 555
504 252
848 256
814 99
484 599
623 87
852 505
383 654
782 204
354 465
117 547
442 402
648 52
324 798
261 431
865 278
153 80
35 712
515 202
280 54
717 140
69 48
301 597
2 841
415 678
206 870
322 878
408 83
252 288
527 455
716 402
128 889
621 78
762 288
628 833
874 308
342 600
386 617
454 713
357 548
366 464
693 235
276 225
209 43
379 224
323 653
50 402
461 383
724 66
534 11
522 78
699 331
281 319
883 797
377 55
80 314
11 47
472 435
583 449
455 770
34 892
269 785
207 630
299 859
706 87
271 355
566 314
384 333
841 339
690 833
612 404
569 268
456 609
576 635
823 612
572 818
288 714
765 337
805 871
63 639
877 98
53 689
540 392
365 342
778 718
820 306
499 266
818 789
121 271
489 421
870 45
698 256
871 332
204 237
401 333
427 379
662 562
10 756
578 397
645 779
788 797
190 799
683 560
407 751
598 808
711 434
158 45
131 407
663 133
391 3
570 146
516 50
560 416
168 172
696 249
514 106
26 536
309 845
853 829
457 233
519 826
655 814
347 220
85 731
799 460
559 303
718 300
437 630
624 517
839 412
79 298
68 727
107 178
315 738
31 505
459 253
668 484
243 217
580 305
766 889
639 113
575 811
860 772
667 611
591 851
421 7
518 574
767 617
183 412
507 614
320 127
530 700
891 125
171 97
468 239
833 384
536 545
615 545
22 254
116 376
780 595
185 245
123 133
65 523
537 692
52 337
531 16
709 319
275 187
295 824
428 681
470 300
758 881
165 852
866 398
817 114
554 356
565 500
880 108
808 228
140 314
237 151
393 299
7 57
735 221
633 75
279 51
59 709
807 343
96 824
775 826
737 335
875 383
410 641
169 606
181 35
784 430
550 635
235 30
262 101
344 701
709
184 677
214 255
117 566
488 213
31 549
284 322
667 102
254 204
341 234
586 267
429 210
317 146
370 400
542 175
346 184
461 438
531 615
655 553
72 163
420 246
251 648
238 161
443 472
22 41
605 19
580 672
52 348
362 225
17 159
423 285
110 575
296 655
474 674
302 224
88 709
637 347
218 533
692 305
538 429
35 61
338 626
524 204
113 184
700 684
55 422
182 546
527 350
442 451
446 416
58 358
549 64
457 395
78 461
588 10
34 533
482 511
3 478
57 8
601 222
326 42
660 573
544 143
422 180
67 589
596 192
26 654
532 99
298 203
403 305
414 203
394 608
187 175
203 610
564 6
252 619
412 303
447 361
514 529
492 360
174 513
627 508
439 548
659 41
301 323
43 575
331 97
119 709
83 156
519 413
46 493
669 197
476 15
102 142
308 458
536 155
1 668
609 395
384 459
352 614
167 109
355 279
80 487
611 13
81 547
212 363
173 432
342 546
122 98
701 93
661 689
704 613
270 267
651 542
144 425
49 193
404 187
451 164
470 236
509 534
364 575
402 432
249 52
217 13
248 180
297 72
75 645
321 150
327 349
408 404
279 603
521 45
694 39
208 646
658 417
18 108
245 193
642 69
634 589
64 345
96 150
554 527
671 185
360 544
146 47
271 587
142 575
654 426
576 540
699 518
570 569
583 336
559 539
261 140
345 395
209 224
309 155
20 236
437 264
313 234
53 604
293 478
340 80
330 639
380 308
458 709
27 285
572 143
99 279
2 407
535 18
219 415
434 514
213 447
283 462
610 655
227 398
652 631
264 277
104 264
579 625
599 448
391 50
592 692
51 8
665 534
590 483
555 596
401 413
39 117
246 108
23 163
426 76
385 550
425 437
430 484
47 296
205 176
427 681
115 679
186 374
204 101
546 405
179 173
365 352
513 58
594 462
333 173
369 534
194 454
638 209
258 148
448 15
589 520
151 173
312 586
220 157
459 574
303 218
562 21
9 579
137 188
63 324
454 26
688 520
233 467
199 677
708 196
185 308
418 373
171 250
581 428
141 208
548 480
267 280
172 410
107 301
606 652
462 222
672 407
200 535
628 378
160 183
558 158
65 32
666 225
397 352
484 177
147 128
468 635
33 356
390 322
674 32
657 432
689 83
290 264
467 234
277 226
7 2
157 156
456 331
108 552
582 605
282 615
71 402
498 44
89 6
473 239
188 571
472 479
511 280
114 222
77 315
73 319
686 623
636 66
325 337
130 519
256 542
684 378
516 647
387 186
295 603
644 236
504 249
455 253
375 225
324 160
97 165
334 93
363 58
231 672
100 638
48 669
632 328
329 645
250 517
372 164
608 419
133 374
566 388
663 248
262 100
259 287
493 453
639 464
136 98
503 627
622 683
478 192
625 227
475 343
616 253
537 451
310 635
496 170
650 137
4 438
260 132
552 9
335 393
180 332
92 403
678 414
597 191
105 240
449 594
506 194
82 611
499 221
40 258
336 98
702 72
495 696
109 616
222 360
575 437
207 340
400 494
615 703
444 315
563 406
438 586
216 78
68 140
201 420
556 30
617 435
435 31
393 74
696 27
128 12
150 587
571 477
79 567
693 584
44 178
706 599
604 642
648 287
45 379
230 330
41 574
30 547
677 706
272 610
633 581
528 640
614 676
225 311
306 415
517 697
515 622
183 416
234 424
573 652
417 288
645 308
351 448
483 65
164 677
112 371
61 515
534 660
176 646
540 300
138 626
266 249
198 76
508 315
177 341
16 119
84 542
405 260
28 15
621 547
15 27
623 368
159 363
103 416
407 707
87 696
288 187
497 581
452 16
376 166
602 45
522 81
707 113
683 453
469 644
66 693
691 255
477 437
502 433
163 545
126 569
653 280
386 342
276 372
543 175
624 216
98 95
311 543
359 226
373 433
416 436
545 223
106 510
76 464
491 673
148 309
50 177
541 391
415 420
224 37
697 644
520 498
135 445
265 280
687 460
19 513
193 363
613 133
210 514
593 618
406 610
93 695
565 650
529 353
139 400
300 651
431 370
149 248
577 381
574 685
268 554
530 390
526 542
62 367
263 607
206 81
243 164
374 639
59 101
485 243
432 459
441 708
643 225
240 467
215 191
505 213
323 131
192 377
445 376
166 131
547 56
656 170
120 423
156 346
680 345
38 197
591 172
36 621
237 48
328 12
421 363
165 33
471 270
228 177
189 116
557 82
211 371
685 261
196 706
170 507
569 44
626 680
292 413
269 580
353 220
705 569
525 523
673 467
125 315
257 467
598 587
247 535
381 502
618 423
494 462
241 216
647 475
24 33
123 374
419 428
679 690
178 311
428 614
487 502
10 7
568 42
244 416
32 571
14 61
600 671
612 157
490 446
512 518
354 237
155 415
118 214
668 305
191 261
74 47
294 661
507 229
29 237
703 381
500 312
124 34
305 275
392 677
635 183
413 213
347 609
463 466
603 333
91 444
287 127
424 268
145 409
101 253
235 148
389 105
533 277
8 520
121 498
567 154
280 181
649 706
550 512
111 702
698 29
489 328
620 522
450 105
433 299
339 348
539 197
131 117
695 612
523 506
436 374
253 82
56 272
368 539
361 403
175 143
320 232
60 283
129 121
236 157
464 15
367 579
153 132
349 220
371 30
465 340
466 24
314 421
641 388
42 87
286 212
366 241
85 418
561 272
6 531
356 102
379 200
13 520
410 323
242 295
681 137
255 191
629 621
281 439
202 64
304 259
37 286
388 525
578 680
116 27
154 70
132 492
291 595
161 537
315 452
619 630
223 428
140 48
289 31
584 47
560 470
670 258
662 565
481 462
273 142
409 8
383 367
95 708
94 319
399 176
127 456
631 109
343 335
221 529
318 487
54 405
675 87
585 133
69 617
316 626
501 226
195 414
25 666
690 297
181 614
646 380
239 376
357 90
440 200
190 652
226 183
275 19
278 521
337 513
486 434
285 645
396 528
70 396
607 65
630 621
595 652
319 363
411 64
332 177
162 386
640 371
479 219
348 291
21 666
143 16
5 200
551 580
358 165
12 566
460 277
232 195
152 638
510 521
86 295
553 159
229 582
398 360
274 213
169 247
518 656
134 330
382 701
299 1
395 107
307 275
587 222
480 343
682 319
197 203
322 320
453 121
90 238
158 679
168 638
344 156
676 698
350 345
377 548
378 490
11 219
664 61
49
2 16
5 14
25 15
23 21
30 24
37 31
3 24
10 29
34 48
4 36
27 22
40 29
33 21
43 18
47 32
17 18
7 13
24 8
41 33
18 49
8 5
46 31
32 4
42 36
13 37
26 5
44 31
29 31
22 5
19 18
35 47
16 29
31 17
1 37
45 31
48 36
21 46
38 35
15 31
14 45
28 27
9 49
20 33
39 19
36 6
6 10
11 45
12 35
721
475 466
398 268
304 321
152 78
308 395
410 607
669 15
321 514
417 160
522 155
286 330
472 520
694 210
425 236
693 99
273 269
173 391
115 384
718 154
638 700
655 46
709 176
92 265
599 561
323 488
539 2
563 721
179 367
488 18
590 194
74 424
87 382
263 14
554 132
485 3
314 620
68 4
307 541
409 132
514 185
195 44
435 429
628 391
582 203
592 357
607 622
89 270
548 139
107 524
473 716
6 163
679 699
278 462
463 199
534 716
618 330
54 389
282 697
254 482
228 282
675 506
377 41
495 166
661 83
200 362
8 212
178 380
328 561
519 622
21 594
191 153
446 339
450 549
128 570
598 47
674 536
275 694
619 17
127 187
374 153
600 363
699 171
261 156
358 17
503 427
336 393
355 351
327 33
165 601
309 56
16 457
246 546
524 221
316 333
206 317
194 475
170 627
643 495
351 700
380 106
612 529
714 635
665 105
279 2
637 241
576 652
627 322
22 137
543 28
682 700
372 700
274 186
44 589
641 613
244 252
349 618
664 489
311 105
438 504
623 29
231 567
291 366
382 398
704 407
363 264
624 326
236 713
205 641
216 125
401 189
632 644
453 190
158 278
702 185
46 202
11 693
441 174
572 579
223 635
594 490
680 225
169 76
189 587
217 555
402 570
436 196
515 227
124 42
696 242
268 123
357 26
420 70
404 119
247 367
588 294
587 691
160 249
626 490
325 20
70 438
573 453
262 118
172 80
556 543
521 556
595 554
399 215
359 648
701 95
57 190
547 710
697 94
639 508
222 546
220 48
334 543
476 26
517 604
296 26
706 261
3 561
631 177
633 415
337 264
245 177
27 322
75 377
224 216
60 465
345 102
408 657
331 365
405 149
497 520
670 432
695 78
188 165
416 273
546 10
37 320
479 283
297 109
510 369
203 457
339 479
597 54
361 366
667 335
144 107
422 155
393 690
396 443
630 682
157 474
677 454
621 296
130 383
369 145
266 335
504 325
250 576
99 24
221 616
65 542
443 289
713 245
196 562
242 485
35 37
449 636
617 598
465 440
93 105
112 60
580 407
708 61
480 412
711 186
601 19
39 658
403 648
187 241
241 659
310 622
243 121
437 642
606 408
692 388
354 459
211 379
153 250
483 617
166 501
318 194
406 708
257 120
414 71
343 98
102 391
159 127
577 458
454 651
121 476
14 119
456 297
644 154
340 330
276 14
19 174
264 709
616 287
183 70
555 595
33 716
585 664
507 397
368 561
292 108
715 305
149 243
210 691
620 522
432 248
105 237
312 614
58 475
691 583
5 176
344 458
186 291
271 26
215 85
48 648
364 559
146 262
142 168
511 701
109 7
390 44
226 479
551 24
34 303
256 490
591 509
629 11
666 41
660 51
386 286
707 46
575 7
584 312
373 295
673 73
86 9
528 623
689 423
123 81
542 693
653 525
470 534
235 104
581 338
603 487
59 325
72 241
12 50
672 3
24 573
167 191
622 278
415 157
634 107
28 707
185 366
350 369
381 442
79 284
525 3
182 155
387 47
602 288
384 116
83 460
494 351
227 551
132 408
122 38
353 49
101 279
613 617
326 397
94 418
536 525
348 573
687 41
62 235
540 504
532 536
252 283
700 79
705 570
611 363
659 5
181 503
255 37
330 95
4 578
642 398
478 119
30 137
85 58
319 341
133 178
78 141
461 167
81 563
407 707
301 654
289 329
567 635
269 454
118 486
558 388
526 682
174 556
589 254
671 66
249 506
204 457
285 717
43 696
578 216
710 482
251 281
486 469
161 508
213 24
508 590
385 591
199 168
240 477
423 626
531 309
134 385
609 374
428 703
302 489
501 212
568 551
17 542
496 528
163 583
506 690
365 239
207 256
253 619
198 93
104 341
110 163
366 236
579 469
219 676
431 619
201 171
505 669
586 348
1 533
106 534
451 88
342 288
190 86
50 136
520 151
686 134
477 493
125 438
164 176
471 637
287 218
151 529
429 131
95 83
270 256
550 186
681 600
131 235
484 336
574 409
322 678
218 418
650 590
502 28
426 231
427 287
82 684
566 433
299 465
474 707
64 291
293 684
175 344
212 526
527 108
467 661
538 148
560 480
685 502
76 38
117 489
652 585
489 575
688 219
267 477
140 505
717 62
248 182
654 456
625 686
116 333
317 333
662 30
2 104
272 445
490 299
499 123
126 688
389 567
233 530
535 366
411 553
651 708
333 713
320 429
114 506
294 91
571 125
493 375
284 243
615 572
234 1
197 188
300 86
49 653
208 399
202 290
544 286
720 382
69 634
113 241
424 622
523 485
162 571
698 608
635 531
460 529
356 383
171 262
370 1
150 381
32 520
143 202
313 228
583 348
445 139
383 311
434 517
481 682
647 184
360 134
413 507
346 44
52 282
259 491
452 553
541 363
482 677
537 699
324 184
18 191
466 720
648 366
378 718
136 673
341 237
9 31
31 655
180 450
25 693
56 545
108 350
604 387
329 608
552 270
545 491
63 46
367 95
469 161
154 522
148 547
298 703
439 177
139 179
295 612
614 625
516 382
90 608
430 596
444 297
376 568
141 472
232 524
658 710
147 525
593 484
177 306
137 99
649 41
394 501
88 360
421 190
492 386
305 92
395 647
678 69
111 384
375 523
719 464
569 681
596 6
663 211
716 575
347 63
84 633
530 544
53 534
15 438
712 214
168 182
67 711
237 712
290 309
703 216
459 490
690 433
352 46
97 517
412 497
455 130
557 691
549 87
668 29
657 652
498 210
239 479
45 223
468 392
91 282
397 501
260 527
487 626
238 164
29 447
512 317
433 236
77 601
458 416
145 367
258 719
562 530
55 205
265 340
418 264
518 600
559 56
192 547
529 499
457 20
51 459
561 437
362 28
225 168
103 10
332 262
229 719
656 119
605 483
38 18
684 244
565 440
610 393
120 529
371 620
280 22
66 133
47 164
10 47
513 61
281 415
80 16
608 599
119 199
156 100
646 662
193 110
645 245
42 536
176 196
40 195
683 307
96 616
491 124
100 205
442 301
676 344
214 47
288 386
7 59
184 132
391 304
98 490
155 12
20 252
400 616
209 590
447 486
73 551
392 418
129 681
464 704
36 61
315 21
13 299
138 454
379 691
335 692
306 642
26 315
448 363
23 515
303 362
71 529
419 663
338 345
500 301
533 229
462 395
41 461
553 652
61 221
135 32
440 708
230 402
388 634
636 692
283 291
570 149
564 241
640 501
277 539
509 427
635
442 340
262 26
277 129
509 300
274 208
259 174
272 174
132 270
347 521
240 398
237 591
306 499
246 586
30 159
612 519
83 362
257 261
112 444
517 435
390 634
449 305
572 550
268 113
291 635
604 24
593 229
530 446
330 503
315 253
332 443
98 362
210 186
3 198
100 476
562 364
269 391
88 582
366 629
232 409
419 190
289 407
258 443
375 450
92 153
174 375
150 314
12 318
394 350
551 169
512 25
431 544
550 225
575 145
374 220
249 393
203 36
494 619
41 428
388 471
243 211
384 303
404 1
351 311
467 274
528 220
465 562
93 280
457 85
543 45
422 345
437 368
633 382
576 34
433 313
481 47
607 43
370 181
11 156
507 215
518 628
358 278
307 471
111 366
488 191
84 490
569 490
371 237
432 74
91 141
200 105
245 342
27 560
335 208
368 286
610 245
533 48
630 406
415 554
520 421
247 250
574 354
53 428
158 478
296 274
468 431
614 97
69 548
207 139
227 506
265 609
634 630
446 177
352 374
400 59
529 596
312 317
608 449
416 618
138 56
514 321
536 451
101 574
596 354
391 387
393 615
211 159
7 588
619 420
631 537
363 488
188 283
214 513
534 261
496 281
622 512
566 232
298 242
24 173
380 416
72 53
113 445
334 378
114 551
292 358
532 568
486 300
10 127
527 371
29 166
337 128
14 212
539 448
163 40
45 59
321 267
584 546
342 247
350 116
288 39
256 276
373 288
621 420
504 507
239 494
189 40
178 380
311 119
397 264
428 463
70 59
173 440
226 528
429 8
364 438
461 238
137 414
164 173
546 21
356 406
401 283
447 287
405 269
153 332
544 341
547 138
525 119
580 171
452 399
271 464
17 435
254 239
424 166
223 348
40 266
484 227
43 480
310 602
60 573
32 342
215 386
519 36
439 321
531 75
473 244
367 604
191 504
317 189
212 283
594 417
38 270
242 1
480 53
9 222
135 344
168 482
195 351
136 122
478 302
487 4
425 414
344 137
300 290
506 239
76 449
66 283
148 334
521 248
233 209
498 534
436 120
192 373
628 548
559 276
301 26
244 546
5 569
414 602
443 564
181 276
59 263
162 275
90 443
182 619
434 517
205 383
49 85
56 466
187 340
131 111
109 408
155 91
578 507
331 477
286 214
601 93
219 258
320 293
303 209
267 114
220 559
199 65
304 306
392 308
130 547
556 227
279 176
125 314
216 185
166 70
592 525
499 244
600 48
287 274
588 378
545 449
319 376
420 34
228 313
477 448
15 452
540 259
273 396
197 498
299 503
13 31
348 455
341 277
8 311
124 112
611 429
201 460
314 474
4 558
605 203
323 539
362 552
107 297
318 6
19 469
412 558
343 577
180 111
172 165
225 531
513 436
338 472
37 17
97 578
516 345
326 144
194 189
567 74
553 483
472 376
230 86
570 268
598 162
357 583
585 182
50 84
16 135
316 476
615 427
501 506
583 65
175 256
573 603
20 1
581 197
127 34
309 131
147 37
403 151
490 563
448 617
104 591
625 49
459 38
253 531
144 287
383 301
270 199
184 314
535 149
508 545
177 54
221 567
128 159
606 386
386 293
276 620
156 329
171 330
31 93
185 95
475 156
78 3
213 571
295 169
110 240
378 118
275 530
6 181
302 290
538 193
623 578
396 347
99 38
280 548
167 150
18 397
231 597
198 483
456 5
25 366
582 30
77 432
463 589
485 326
497 458
408 49
402 441
340 278
2 284
33 623
597 122
208 149
387 328
515 375
503 102
470 296
120 438
204 264
339 230
413 65
354 563
74 483
23 195
46 155
248 171
395 130
238 142
568 561
377 541
441 407
421 243
613 211
526 537
117 367
28 378
139 500
464 373
609 566
624 404
264 629
57 623
159 274
591 444
67 266
379 612
552 62
251 65
603 513
589 46
426 301
266 331
565 456
116 330
297 61
160 622
346 605
406 548
96 614
141 619
522 365
218 503
548 125
118 455
293 381
129 216
283 460
620 200
469 28
602 539
121 418
618 348
115 224
328 568
563 267
345 232
466 25
119 576
617 243
399 60
629 551
385 170
577 60
423 546
430 221
157 555
308 383
491 308
327 266
170 119
281 621
444 359
353 350
440 53
44 204
492 385
549 364
524 456
571 590
482 111
355 514
284 450
36 230
190 364
411 256
418 108
255 171
510 117
149 413
108 460
427 433
409 243
48 461
325 500
560 500
126 272
35 444
217 444
305 557
42 487
324 287
483 363
454 463
145 526
193 13
329 261
495 279
505 549
632 144
80 170
558 260
154 442
142 508
471 458
458 279
183 310
542 462
75 111
146 266
134 233
595 565
140 586
511 139
235 263
236 92
224 159
81 257
250 491
206 617
105 503
359 4
26 500
451 287
103 316
389 106
616 119
360 493
122 629
39 617
61 489
555 376
407 495
285 372
62 291
523 246
22 99
493 256
369 223
54 415
382 36
58 384
234 117
51 376
453 317
365 447
87 143
410 283
133 73
260 382
561 246
462 474
89 80
599 393
587 287
261 326
349 521
73 578
252 321
1 523
209 153
196 528
47 81
500 98
586 192
82 86
94 70
313 12
102 332
372 203
143 608
381 398
290 489
554 228
450 437
21 407
169 495
294 539
502 358
161 170
627 209
455 201
64 74
376 380
229 321
476 312
626 186
106 174
123 576
179 345
34 145
479 226
186 591
438 139
202 223
557 398
590 347
151 161
165 338
537 395
474 564
541 350
564 253
278 302
336 549
55 5
52 48
65 92
241 104
152 560
176 408
68 84
435 184
417 517
63 376
445 4
579 447
333 536
86 542
322 202
85 450
79 142
263 368
222 407
398 230
71 408
361 467
460 50
489 535
282 174
95 245
121
7 94
14 110
56 93
113 72
88 93
89 69
107 99
119 93
111 103
55 64
48 98
33 111
77 42
17 91
64 81
45 112
70 15
109 8
8 24
112 46
68 71
105 26
84 40
93 113
19 64
92 9
98 75
50 116
42 22
65 81
25 39
18 101
62 86
47 108
51 18
116 45
117 54
108 61
1 31
75 57
118 70
2 8
90 104
52 28
41 49
95 49
73 64
29 115
53 20
110 67
114 92
97 52
22 108
12 31
6 47
4 80
83 54
115 52
63 32
94 18
31 81
38 39
58 44
57 78
71 15
37 9
15 121
11 56
61 112
10 76
30 91
59 5
79 86
99 75
9 26
16 2
96 121
26 5
46 26
91 35
76 103
27 50
3 79
66 118
86 31
101 83
104 44
34 64
72 40
54 88
5 70
74 107
40 24
21 107
80 15
82 51
35 71
23 67
78 9
20 47
49 76
81 27
13 19
43 52
24 90
120 37
28 44
102 105
36 98
106 42
103 2
87 13
100 103
32 95
60 25
67 73
39 101
44 67
85 88
69 35
849
619 134
20 54
293 667
633 294
25 647
525 398
380 818
730 334
214 260
663 710
817 640
574 55
596 243
82 258
679 238
670 466
53 35
344 768
392 741
341 10
540 328
475 717
701 409
274 840
584 167
236 27
308 411
844 265
139 291
763 53
466 286
14 499
183 503
127 606
608 337
805 394
735 678
171 25
65 243
224 506
238 761
102 593
393 195
222 583
245 35
552 63
626 849
618 749
745 422
642 335
479 2
609 828
355 67
682 21
191 847
514 648
359 9
497 471
558 444
535 601
517 485
628 465
790 279
683 202
666 738
759 392
541 662
385 557
361 108
528 695
375 71
366 245
124 793
781 587
215 254
575 486
488 560
176 313
338 176
217 481
557 84
197 663
442 229
394 662
281 718
71 423
454 427
521 717
413 743
733 275
436 64
358 261
741 418
414 610
295 373
471 218
230 783
94 755
305 454
720 780
591 756
675 219
499 523
501 282
363 124
649 450
784 500
3 592
377 299
746 749
580 431
697 444
34 769
665 485
353 495
513 758
797 423
216 336
186 764
378 81
109 519
397 175
142 93
126 553
754 293
776 684
703 300
255 296
739 252
630 826
55 58
426 515
622 551
752 697
103 207
673 54
210 609
543 161
80 849
261 629
320 98
480 25
698 681
846 658
12 786
451 546
97 561
548 6
448 299
717 187
708 660
132 380
36 500
636 715
419 693
327 727
536 691
283 253
248 618
765 625
169 709
354 420
229 408
723 2
157 588
527 760
265 48
122 132
664 731
495 383
207 670
599 697
804 590
346 319
691 48
272 722
469 471
506 698
422 23
464 154
545 278
823 231
409 644
263 478
17 211
547 19
279 208
676 613
59 362
306 425
213 295
614 242
350 552
131 165
645 569
151 148
772 307
727 723
534 283
58 504
250 716
847 593
304 540
72 363
775 411
123 598
716 401
184 272
5 144
246 236
206 129
201 457
762 466
561 163
704 626
259 648
603 616
709 65
766 515
593 784
421 704
257 614
518 384
468 615
788 466
605 231
667 563
185 80
168 590
177 293
604 466
202 83
347 500
757 258
424 574
314 160
728 289
731 260
427 587
286 747
559 283
106 843
84 820
319 65
606 153
390 814
773 712
695 748
455 809
799 53
138 780
749 391
52 361
555 119
405 543
15 809
542 794
357 385
260 695
532 706
747 841
302 777
280 665
35 257
611 78
205 600
406 606
617 686
166 66
500 154
629 179
7 476
725 390
692 108
296 31
140 398
836 254
398 712
462 169
95 682
227 724
573 206
285 168
232 582
484 403
481 301
161 572
787 845
476 366
623 454
26 780
821 582
407 638
108 293
401 662
549 272
827 252
193 604
491 396
244 313
531 280
473 452
417 788
706 435
225 88
119 378
42 131
352 129
50 702
189 682
713 108
289 802
515 834
780 743
158 746
659 88
494 540
472 287
389 72
415 761
156 178
789 719
10 625
33 680
835 110
551 146
760 727
312 531
28 496
256 249
149 668
590 728
231 409
658 112
652 36
411 833
505 511
96 140
400 78
668 594
192 149
782 296
566 142
539 601
396 849
93 197
19 459
204 216
235 614
179 210
416 365
254 41
463 119
786 365
568 27
452 204
503 407
585 609
486 196
91 645
39 413
693 276
160 788
832 523
316 811
43 794
769 466
271 819
635 751
753 660
750 746
816 446
349 92
101 632
241 517
253 147
465 389
831 416
537 543
162 718
369 727
496 296
324 216
264 742
650 505
453 838
315 153
700 282
268 234
40 506
810 638
187 177
483 680
523 375
674 696
325 611
336 375
412 773
615 774
364 193
178 63
360 439
181 163
729 57
372 282
1 610
550 320
382 404
67 43
577 528
841 256
607 574
115 270
195 10
198 723
69 589
770 283
262 714
796 252
640 790
569 278
446 372
710 234
449 423
487 336
167 767
408 406
61 684
439 426
702 764
180 713
657 139
23 655
152 143
553 67
459 184
247 802
298 637
519 113
681 201
113 174
582 782
839 322
467 125
277 769
560 360
485 85
81 235
737 180
571 476
311 729
129 764
379 134
111 490
634 560
266 489
814 835
237 92
402 844
155 182
243 451
339 175
234 296
740 402
828 378
104 647
172 771
646 38
170 60
145 13
441 54
38 416
798 840
458 171
297 148
758 336
425 704
562 644
791 491
175 750
689 317
627 187
524 820
44 135
838 480
228 502
2 716
322 488
11 305
829 142
581 805
644 394
813 27
489 793
677 326
647 30
120 454
220 321
502 750
576 737
509 589
136 351
208 7
600 747
345 781
744 781
474 78
743 122
722 751
712 564
718 651
834 536
343 451
87 596
685 670
309 118
31 812
301 246
85 791
738 24
726 39
815 805
444 780
284 144
147 15
482 375
105 637
490 199
328 577
326 425
403 459
249 182
825 272
41 430
188 381
292 302
433 90
63 522
226 706
612 161
774 24
686 331
310 493
818 747
242 124
368 405
669 666
477 485
9 838
587 173
508 589
251 40
99 517
429 273
610 292
837 532
270 373
49 815
137 460
288 388
512 205
6 365
371 432
434 773
56 173
833 705
579 530
734 289
89 19
317 92
182 766
211 36
493 369
331 50
621 665
47 626
362 416
661 569
276 138
594 164
808 484
200 669
601 194
742 466
307 15
639 144
699 117
282 544
768 752
751 755
294 458
578 287
78 275
75 544
597 104
209 130
290 33
492 533
620 192
592 419
74 480
755 404
778 247
771 538
70 642
724 76
564 353
812 133
694 456
233 190
165 698
83 729
340 265
631 356
164 369
367 403
721 696
128 206
583 697
333 538
777 523
556 2
684 237
510 548
323 258
654 680
45 90
478 231
511 246
544 841
648 781
711 806
98 23
303 770
335 228
432 265
420 7
148 238
388 348
638 87
688 90
450 586
332 732
154 746
803 698
240 41
107 218
118 652
133 455
90 307
690 849
443 478
565 395
121 46
470 847
705 803
848 785
68 702
438 451
820 550
656 227
110 638
130 222
624 120
538 383
748 603
764 576
374 571
431 231
219 14
792 750
529 317
8 693
641 208
386 566
356 365
159 718
153 702
567 766
351 375
807 827
526 278
595 385
330 658
22 514
554 92
530 603
435 122
811 119
826 373
418 847
586 699
437 828
655 731
27 148
134 688
73 547
342 285
252 440
660 408
190 304
785 385
203 163
334 412
687 733
62 131
60 712
783 306
373 403
522 141
221 272
516 321
824 593
318 577
112 809
447 293
54 280
732 521
100 291
643 785
830 338
300 9
116 492
840 436
51 692
715 756
163 619
88 681
533 541
194 33
18 664
223 692
736 364
588 309
845 367
370 134
273 526
651 180
46 255
365 333
423 66
779 303
150 290
800 454
767 9
404 494
632 796
146 411
399 557
801 350
57 728
144 615
756 810
806 341
602 640
218 297
275 752
66 232
613 51
239 413
671 534
809 143
598 132
563 798
30 45
430 253
672 577
653 168
212 73
199 425
696 70
321 746
570 199
637 685
114 42
395 219
678 623
29 724
48 495
822 220
795 835
196 312
662 513
32 745
125 64
376 130
572 189
313 339
457 120
819 326
761 583
616 505
337 781
117 203
680 273
24 448
625 42
842 677
269 792
520 362
440 675
278 838
141 170
504 311
348 820
13 805
267 80
37 555
387 121
793 567
381 11
4 329
383 65
445 305
384 139
76 600
16 499
79 199
21 809
719 582
64 445
507 470
86 248
428 322
173 553
135 645
794 353
92 278
461 816
802 95
258 697
299 52
456 395
546 396
329 716
77 443
291 625
707 8
714 181
498 312
143 140
843 257
589 613
391 653
460 671
287 22
410 380
174 159
122
93 43
5 69
102 55
79 70
65 74
88 24
118 107
60 82
22 99
15 76
7 97
32 115
20 17
23 101
52 38
37 91
27 8
106 14
26 8
99 32
117 15
110 45
14 40
19 38
105 99
104 102
120 80
71 73
6 95
90 88
95 16
56 94
81 118
116 118
109 13
21 40
45 44
70 51
89 29
48 44
96 18
80 77
98 70
9 70
28 118
73 48
55 103
33 78
121 55
74 110
72 94
97 43
92 62
100 27
67 51
38 34
41 87
24 64
35 9
42 121
3 49
12 4
111 68
13 76
31 62
61 81
40 60
91 56
85 114
2 1
46 8
78 73
10 97
29 30
66 98
39 14
49 44
64 75
57 119
18 11
87 17
50 106
84 8
114 54
43 110
44 75
113 2
101 117
11 69
1 119
36 58
107 119
108 45
119 122
16 110
53 65
17 106
4 60
112 110
58 75
86 23
62 119
94 88
83 51
77 95
47 108
82 104
75 5
8 42
103 118
54 20
68 85
63 34
25 64
30 41
69 59
76 27
115 46
59 32
51 90
34 87
586
77 44
570 350
9 473
125 475
490 476
418 154
98 492
405 145
336 51
480 500
67 255
528 266
543 254
16 482
320 257
572 570
484 367
263 584
449 331
151 419
540 404
107 559
155 47
113 296
99 577
428 38
426 287
270 338
486 434
306 87
187 149
235 478
149 445
233 242
319 96
246 576
222 51
507 352
308 135
35 522
12 332
198 128
119 274
236 494
268 444
357 451
436 343
200 410
525 488
401 372
580 188
237 223
224 572
249 265
289 435
412 91
441 268
422 349
31 91
65 357
400 510
369 524
361 198
175 63
527 95
100 105
85 73
61 477
273 249
492 48
569 544
152 406
328 388
434 498
247 207
383 226
93 443
334 423
546 111
260 520
191 141
264 425
241 383
183 144
561 250
116 507
498 289
1 344
279 565
134 278
108 514
577 282
456 26
355 70
53 414
465 344
304 576
475 43
205 121
506 109
522 552
59 568
15 89
550 475
66 143
510 185
538 404
296 366
302 236
416 70
32 319
123 330
71 310
120 519
228 67
243 94
34 84
272 483
63 449
529 27
215 175
154 83
534 565
350 440
110 334
473 351
181 296
539 347
173 370
365 399
469 54
214 543
368 253
565 22
425 352
284 212
395 462
513 316
185 432
211 23
161 208
226 341
409 134
505 280
517 23
520 315
303 458
145 121
362 140
411 559
531 406
33 533
511 472
402 172
52 584
130 354
216 114
122 407
548 216
391 127
499 214
579 380
489 46
213 475
51 253
160 30
394 423
106 534
503 507
471 488
70 191
57 471
390 491
558 156
129 193
229 489
79 118
221 28
27 389
72 220
576 267
111 214
311 485
281 355
359 491
86 346
141 580
36 454
462 440
14 442
231 348
75 550
371 181
407 502
301 379
199 339
536 503
423 366
515 155
413 274
438 198
341 459
189 516
207 534
432 298
162 429
316 478
7 468
275 233
372 530
433 216
287 303
439 574
562 8
78 102
443 16
90 324
342 29
566 79
521 292
3 59
377 191
502 282
454 33
54 266
495 541
262 585
535 211
494 126
74 506
354 566
218 452
96 62
453 3
92 470
581 387
440 504
230 531
467 527
43 382
551 60
44 71
146 391
73 459
485 571
82 77
165 534
451 386
172 116
21 154
346 392
461 139
399 243
253 454
143 515
488 65
153 267
406 295
470 159
378 40
568 480
313 42
22 192
109 231
46 528
537 568
325 492
291 252
17 177
478 369
321 122
392 442
132 64
38 127
424 15
307 583
431 300
49 299
248 538
20 201
182 550
427 139
136 269
297 103
101 372
95 457
335 487
250 209
384 245
524 354
30 9
518 314
176 580
288 490
285 260
47 476
345 535
519 317
196 117
192 239
115 182
305 188
472 228
11 468
193 357
148 146
56 525
379 223
501 104
374 291
352 50
265 442
133 353
80 436
50 298
169 522
482 585
257 396
300 495
508 366
554 287
174 128
97 56
479 77
118 197
317 285
271 188
232 370
277 572
19 291
186 578
102 117
563 24
69 561
156 142
217 441
282 110
252 188
380 450
448 269
404 81
48 564
542 380
420 409
557 215
560 479
353 580
188 506
447 404
37 385
545 343
28 560
549 298
367 221
225 160
556 63
452 469
360 257
385 20
29 556
159 585
366 308
18 571
514 26
103 138
178 44
24 256
276 253
5 299
157 290
583 450
578 402
347 456
269 130
45 162
464 64
39 569
195 301
202 568
487 445
459 286
84 68
324 479
239 407
55 468
516 343
171 123
4 493
430 115
571 109
68 325
309 473
575 567
450 144
373 580
356 158
349 379
344 509
290 113
8 436
500 532
496 193
40 559
140 215
112 468
323 202
457 238
388 54
164 474
437 497
240 216
338 297
429 424
315 585
64 353
331 196
184 285
358 395
138 23
403 100
41 187
208 547
212 149
267 10
135 104
337 293
387 13
526 574
421 354
382 577
201 335
446 225
259 316
13 158
274 394
340 116
326 155
194 171
329 103
104 241
286 586
442 376
419 244
163 502
573 122
126 75
255 309
91 63
25 262
458 91
42 511
283 475
261 413
474 440
223 397
364 507
166 165
415 559
127 195
278 184
256 191
137 335
76 327
582 178
2 521
386 170
242 363
87 64
139 370
131 17
190 174
147 264
414 225
150 335
553 1
547 48
266 539
393 25
493 181
293 169
445 346
244 318
523 450
468 96
512 307
396 68
295 409
105 153
251 301
363 58
234 52
497 304
460 319
389 318
144 11
375 360
463 100
564 395
210 568
158 159
10 509
417 282
584 64
58 107
94 40
81 116
477 161
203 38
299 317
121 427
60 280
410 578
330 9
88 305
177 512
292 64
504 194
89 166
62 484
142 44
585 321
312 240
167 494
333 318
179 58
444 270
351 585
559 202
258 469
544 418
209 513
476 126
170 499
555 281
238 210
327 274
339 328
408 329
332 240
280 272
26 352
466 317
343 26
533 169
509 333
552 573
124 140
541 455
530 32
310 128
220 450
197 473
168 491
254 562
117 454
180 288
483 168
398 314
83 440
397 42
348 577
245 252
491 30
23 13
314 504
532 471
204 112
128 482
206 184
219 57
376 569
574 308
567 336
455 558
481 97
435 77
318 180
114 402
6 104
298 342
294 460
370 361
381 274
322 434
227 545
714
353 186
12 590
33 711
157 326
263 397
218 58
153 188
684 482
325 40
707 616
431 69
95 662
613 201
355 592
209 219
32 159
533 187
440 351
352 202
565 347
624 621
340 512
396 541
123 356
243 6
424 429
481 615
147 555
485 344
662 447
567 689
141 670
625 512
116 311
151 272
188 38
630 9
206 223
236 438
428 375
434 235
378 511
404 200
83 75
85 117
93 42
1 692
513 533
492 165
58 259
482 386
329 483
328 245
19 286
620 303
488 151
417 291
181 645
675 460
412 551
144 386
202 126
636 373
516 652
656 431
233 286
226 620
604 234
215 445
641 359
342 300
627 309
471 303
107 697
587 175
564 181
239 301
436 51
394 570
550 247
112 63
409 709
612 546
593 441
344 651
388 398
53 592
80 180
648 384
117 93
98 702
268 213
200 457
292 417
161 290
539 659
497 659
507 334
300 143
323 456
138 144
410 445
655 271
201 690
691 22
538 375
110 432
197 380
534 47
397 257
102 496
177 105
187 56
522 482
629 293
416 224
76 175
555 153
90 40
653 480
463 316
451 270
103 343
158 202
484 345
372 199
490 377
227 409
549 350
545 430
368 606
401 581
296 702
437 347
270 511
651 483
383 623
594 126
448 171
362 402
330 596
568 399
710 32
295 134
389 565
685 662
540 508
494 311
37 169
194 292
189 395
124 331
74 495
380 203
371 366
39 599
16 683
261 699
465 453
24 596
528 652
650 526
108 60
645 450
299 402
585 598
551 127
600 579
101 588
149 457
443 115
608 411
306 394
442 583
642 86
335 124
524 108
272 688
92 684
235 659
569 105
496 609
615 533
637 281
282 150
133 427
563 382
122 357
242 256
547 596
420 657
22 569
273 72
60 204
599 558
623 555
143 618
7 561
250 92
570 668
339 12
170 42
521 10
84 259
322 666
602 390
559 20
697 502
385 142
619 285
634 699
241 588
377 552
580 331
429 225
455 240
196 128
470 432
503 114
333 443
654 175
279 323
498 620
598 186
646 333
271 40
54 544
3 672
294 697
407 700
349 348
702 321
532 172
705 645
100 290
36 504
258 448
9 638
255 381
652 577
61 479
384 71
97 271
277 473
246 45
379 337
63 488
501 544
467 178
635 54
510 325
25 232
286 196
244 530
341 466
483 653
659 667
166 560
543 627
167 11
327 332
185 591
28 576
56 347
561 604
269 457
278 75
115 317
280 472
374 443
307 336
265 256
367 531
475 297
373 336
291 702
119 674
670 513
17 477
554 399
584 445
131 378
168 617
474 194
589 486
419 235
312 16
57 310
274 400
314 27
142 568
469 671
661 230
334 208
34 706
120 144
616 23
392 439
500 594
70 575
104 307
438 615
350 304
137 436
376 50
415 22
35 386
222 233
257 403
696 604
495 274
182 219
69 95
89 543
351 189
66 475
8 402
224 668
472 535
432 298
67 55
480 135
678 579
427 308
537 77
346 75
324 684
75 565
649 542
631 151
453 195
414 593
690 265
285 405
62 355
695 622
689 36
262 681
711 340
422 101
358 577
402 87
452 291
172 8
672 185
460 350
276 568
542 99
55 637
418 57
491 397
114 282
47 671
477 142
128 642
52 141
520 214
605 521
10 229
511 294
459 240
704 267
614 450
26 183
468 216
252 185
530 357
364 9
132 106
73 93
289 337
588 339
556 272
450 709
237 302
238 701
573 255
319 555
541 596
165 363
260 380
106 34
91 459
633 692
174 262
413 151
113 54
6 469
512 556
699 23
127 381
527 368
71 301
390 235
72 251
86 153
134 567
525 131
150 455
146 399
78 92
595 573
611 440
603 486
447 27
214 109
221 121
544 379
671 36
302 209
688 434
46 621
251 195
596 281
607 157
466 322
126 92
4 321
77 255
680 669
640 398
535 397
192 326
387 467
205 19
43 69
219 526
183 527
232 494
176 114
178 197
676 495
382 210
366 501
508 689
203 87
331 300
211 704
712 490
290 230
220 500
582 675
94 124
259 304
552 588
311 43
162 653
40 121
228 18
59 568
11 616
446 297
225 156
139 47
87 423
489 692
254 73
517 560
487 634
121 696
318 277
578 53
304 642
41 198
212 586
709 508
156 449
606 187
597 208
51 282
293 634
298 523
171 411
27 235
591 11
425 209
163 31
647 604
256 517
283 528
518 167
198 28
287 21
190 313
111 181
18 308
601 433
145 45
694 308
130 630
361 416
669 88
332 285
193 605
682 478
576 684
336 176
430 473
173 109
297 317
310 208
674 352
234 132
571 382
391 670
267 538
444 506
673 56
473 525
316 636
590 669
369 99
574 151
281 125
109 394
365 300
140 275
502 512
180 527
64 396
657 495
5 245
476 50
105 502
354 10
135 706
464 479
515 1
301 463
15 2
13 434
632 289
195 307
681 131
96 587
618 449
478 60
617 615
343 436
693 239
548 186
191 550
363 512
88 521
558 350
164 144
572 190
136 437
231 124
426 519
175 311
30 360
308 339
398 368
628 464
577 273
48 17
337 595
313 109
536 96
493 170
566 116
118 544
586 294
154 499
160 663
38 194
583 630
125 52
207 74
249 714
208 87
687 681
303 590
454 684
421 136
65 264
386 135
204 207
562 514
700 710
213 383
505 172
486 514
667 598
692 88
423 139
357 342
579 511
519 245
531 616
148 122
663 326
526 515
664 337
356 359
184 485
433 156
461 612
23 455
360 165
81 165
408 484
504 249
338 292
49 685
622 157
435 221
152 85
317 293
210 225
199 556
169 223
592 551
230 502
393 582
14 167
21 453
546 463
679 584
456 505
560 284
50 404
305 33
45 285
275 84
658 309
479 83
309 567
683 206
399 140
644 62
703 609
457 378
321 221
506 295
660 116
248 333
713 32
514 259
288 390
499 121
708 617
400 511
523 65
79 413
326 382
381 394
677 291
2 392
345 81
621 603
42 141
31 578
395 226
462 671
575 615
253 144
20 375
99 161
411 12
529 25
638 456
370 374
668 115
445 25
609 378
701 212
82 221
403 653
553 48
348 207
665 620
284 44
179 225
68 552
666 250
406 571
639 48
581 500
449 65
643 688
347 526
315 615
610 556
698 482
375 327
223 562
245 550
441 318
29 161
217 245
320 529
129 493
405 340
359 12
186 202
439 694
44 378
159 362
557 265
509 471
247 282
155 217
266 335
229 672
264 655
626 207
706 237
240 534
686 470
216 267
458 616
264
28 13
153 109
177 102
131 261
189 248
237 76
123 101
102 38
27 93
248 105
148 46
38 249
73 229
155 127
193 136
67 219
53 135
93 263
45 27
29 88
115 47
209 165
52 263
5 176
203 228
56 152
213 185
82 215
47 95
183 126
1 153
104 201
163 143
125 157
50 118
149 248
256 226
159 136
195 243
48 167
250 129
220 52
192 86
4 165
211 22
10 159
224 41
200 133
107 134
106 116
31 94
225 7
207 104
263 238
254 237
24 224
117 256
108 48
121 91
227 84
171 127
75 205
96 120
214 153
160 17
9 28
217 70
242 101
6 96
158 134
61 72
80 238
113 70
258 25
21 160
112 160
168 134
229 233
130 124
165 126
32 189
118 114
236 114
152 73
77 3
174 163
2 203
162 3
18 176
164 7
63 45
180 261
257 84
128 192
226 35
41 190
185 172
13 42
92 203
71 115
136 225
156 82
33 107
249 188
8 198
260 226
39 41
141 133
143 31
222 126
16 22
175 75
202 260
119 16
122 253
83 250
120 104
72 163
23 91
253 119
144 68
154 28
190 87
230 204
238 101
22 80
25 254
95 76
42 213
138 20
19 90
212 64
36 19
94 60
147 138
140 154
124 101
86 171
14 161
221 79
114 68
37 81
142 113
255 55
198 19
64 91
181 194
57 62
145 5
210 130
228 137
170 26
201 103
101 51
74 51
234 129
231 43
139 148
110 169
84 87
166 142
129 84
99 233
179 57
150 18
35 98
184 215
109 71
100 176
55 157
262 150
62 133
259 2
133 252
79 257
216 89
243 193
87 145
196 204
65 248
194 124
188 59
15 236
90 222
81 242
111 16
204 29
66 175
246 83
208 164
105 134
26 223
43 196
3 127
11 108
245 22
88 68
70 264
219 96
251 231
17 14
54 188
172 24
182 22
206 187
247 148
261 205
58 120
78 230
191 63
46 60
44 111
34 100
240 39
49 87
169 123
218 173
97 141
137 10
127 203
20 30
7 235
60 69
134 228
91 183
85 173
89 52
157 182
151 242
235 21
199 122
232 97
241 189
176 254
59 179
76 164
30 77
68 167
51 58
126 260
135 129
252 251
215 23
116 122
40 8
244 185
197 195
205 49
12 95
69 168
98 239
239 16
178 83
132 206
186 240
223 109
146 129
233 117
173 150
161 239
103 264
187 118
167 103
