10
1 4.00 8.00 8.00
a 1.00 2.00
3 7.00 7.00 8.00
a 5.00 2.00
b 4.00 2.00
c -2.00 2.00
3 5.55 5.55 8.00
a 1.11 1.00
b 1.11 1.00
c 1.11 1.00
4 10.00 10.00 5.00
a 10.00 5.01
b 6.00 5.01
c 4.00 5.01
d -3.00 5.01
5 8.00 20.00 8.00
a 1.00 1.00
b -1.00 1.00
c 1.00 1.00
d -1.00 1.00
e 1.00 1.00
5 5.00 20.00 8.00
a 1.00 1.00
b -1.00 1.00
c 1.00 1.00
d -1.00 1.00
e 1.00 1.00
2 10.00 15.00 8.00
e 15.00 1.00
d -5.00 1.00
5 10.00 20.00 8.00
e 10.00 1.00
d 2.00 1.50
a -3.50 1.50
q -10.00 1.00
b -2.00 2.00
3 6.00 10.00 8.00
c 4.12 1.33
b 1.34 1.96
a 8.77 4.92
5 10.00 10.00 7.61
z 10.00 7.61
c 5.55 4.22
d 4.45 3.39
o 15.00 1.00
l -9.45 1.00
