20
1 1 2 0
2
10
5 2 1 6
1 2
1 5
2 4
3 4
4 5
5 3
1 2 3 4 5
10 8
5 2 1 6
1 2
1 5
2 4
3 4
4 5
5 3
1 2 3 4 5
10 5
5 2 1 6
1 2
1 5
2 4
3 4
4 5
5 3
1 2 3 4 5
10 1
2 2 1 2
1 2
2 1
2 2
2 1
2 2 1 2
1 2
2 1
2 2
2 5
700 700 20 700
1 2
2 3
3 4
4 5
5 6
6 7
7 8
8 9
9 10
10 11
11 12
12 13
13 14
14 15
15 16
16 17
17 18
18 19
19 20
20 21
21 22
22 23
23 24
24 25
25 26
26 27
27 28
28 29
29 30
30 31
31 32
32 33
33 34
34 35
35 36
36 37
37 38
38 39
39 40
40 41
41 42
42 43
43 44
44 45
45 46
46 47
47 48
48 49
49 50
50 51
51 52
52 53
53 54
54 55
55 56
56 57
57 58
58 59
59 60
60 61
61 62
62 63
63 64
64 65
65 66
66 67
67 68
68 69
69 70
70 71
71 72
72 73
73 74
74 75
75 76
76 77
77 78
78 79
79 80
80 81
81 82
82 83
83 84
84 85
85 86
86 87
87 88
88 89
89 90
90 91
91 92
92 93
93 94
94 95
95 96
96 97
97 98
98 99
99 100
100 101
101 102
102 103
103 104
104 105
105 106
106 107
107 108
108 109
109 110
110 111
111 112
112 113
113 114
114 115
115 116
116 117
117 118
118 119
119 120
120 121
121 122
122 123
123 124
124 125
125 126
126 127
127 128
128 129
129 130
130 131
131 132
132 133
133 134
134 135
135 136
136 137
137 138
138 139
139 140
140 141
141 142
142 143
143 144
144 145
145 146
146 147
147 148
148 149
149 150
150 151
151 152
152 153
153 154
154 155
155 156
156 157
157 158
158 159
159 160
160 161
161 162
162 163
163 164
164 165
165 166
166 167
167 168
168 169
169 170
170 171
171 172
172 173
173 174
174 175
175 176
176 177
177 178
178 179
179 180
180 181
181 182
182 183
183 184
184 185
185 186
186 187
187 188
188 189
189 190
190 191
191 192
192 193
193 194
194 195
195 196
196 197
197 198
198 199
199 200
200 201
201 202
202 203
203 204
204 205
205 206
206 207
207 208
208 209
209 210
210 211
211 212
212 213
213 214
214 215
215 216
216 217
217 218
218 219
219 220
220 221
221 222
222 223
223 224
224 225
225 226
226 227
227 228
228 229
229 230
230 231
231 232
232 233
233 234
234 235
235 236
236 237
237 238
238 239
239 240
240 241
241 242
242 243
243 244
244 245
245 246
246 247
247 248
248 249
249 250
250 251
251 252
252 253
253 254
254 255
255 256
256 257
257 258
258 259
259 260
260 261
261 262
262 263
263 264
264 265
265 266
266 267
267 268
268 269
269 270
270 271
271 272
272 273
273 274
274 275
275 276
276 277
277 278
278 279
279 280
280 281
281 282
282 283
283 284
284 285
285 286
286 287
287 288
288 289
289 290
290 291
291 292
292 293
293 294
294 295
295 296
296 297
297 298
298 299
299 300
300 301
301 302
302 303
303 304
304 305
305 306
306 307
307 308
308 309
309 310
310 311
311 312
312 313
313 314
314 315
315 316
316 317
317 318
318 319
319 320
320 321
321 322
322 323
323 324
324 325
325 326
326 327
327 328
328 329
329 330
330 331
331 332
332 333
333 334
334 335
335 336
336 337
337 338
338 339
339 340
340 341
341 342
342 343
343 344
344 345
345 346
346 347
347 348
348 349
349 350
350 351
351 352
352 353
353 354
354 355
355 356
356 357
357 358
358 359
359 360
360 361
361 362
362 363
363 364
364 365
365 366
366 367
367 368
368 369
369 370
370 371
371 372
372 373
373 374
374 375
375 376
376 377
377 378
378 379
379 380
380 381
381 382
382 383
383 384
384 385
385 386
386 387
387 388
388 389
389 390
390 391
391 392
392 393
393 394
394 395
395 396
396 397
397 398
398 399
399 400
400 401
401 402
402 403
403 404
404 405
405 406
406 407
407 408
408 409
409 410
410 411
411 412
412 413
413 414
414 415
415 416
416 417
417 418
418 419
419 420
420 421
421 422
422 423
423 424
424 425
425 426
426 427
427 428
428 429
429 430
430 431
431 432
432 433
433 434
434 435
435 436
436 437
437 438
438 439
439 440
440 441
441 442
442 443
443 444
444 445
445 446
446 447
447 448
448 449
449 450
450 451
451 452
452 453
453 454
454 455
455 456
456 457
457 458
458 459
459 460
460 461
461 462
462 463
463 464
464 465
465 466
466 467
467 468
468 469
469 470
470 471
471 472
472 473
473 474
474 475
475 476
476 477
477 478
478 479
479 480
480 481
481 482
482 483
483 484
484 485
485 486
486 487
487 488
488 489
489 490
490 491
491 492
492 493
493 494
494 495
495 496
496 497
497 498
498 499
499 500
500 501
501 502
502 503
503 504
504 505
505 506
506 507
507 508
508 509
509 510
510 511
511 512
512 513
513 514
514 515
515 516
516 517
517 518
518 519
519 520
520 521
521 522
522 523
523 524
524 525
525 526
526 527
527 528
528 529
529 530
530 531
531 532
532 533
533 534
534 535
535 536
536 537
537 538
538 539
539 540
540 541
541 542
542 543
543 544
544 545
545 546
546 547
547 548
548 549
549 550
550 551
551 552
552 553
553 554
554 555
555 556
556 557
557 558
558 559
559 560
560 561
561 562
562 563
563 564
564 565
565 566
566 567
567 568
568 569
569 570
570 571
571 572
572 573
573 574
574 575
575 576
576 577
577 578
578 579
579 580
580 581
581 582
582 583
583 584
584 585
585 586
586 587
587 588
588 589
589 590
590 591
591 592
592 593
593 594
594 595
595 596
596 597
597 598
598 599
599 600
600 601
601 602
602 603
603 604
604 605
605 606
606 607
607 608
608 609
609 610
610 611
611 612
612 613
613 614
614 615
615 616
616 617
617 618
618 619
619 620
620 621
621 622
622 623
623 624
624 625
625 626
626 627
627 628
628 629
629 630
630 631
631 632
632 633
633 634
634 635
635 636
636 637
637 638
638 639
639 640
640 641
641 642
642 643
643 644
644 645
645 646
646 647
647 648
648 649
649 650
650 651
651 652
652 653
653 654
654 655
655 656
656 657
657 658
658 659
659 660
660 661
661 662
662 663
663 664
664 665
665 666
666 667
667 668
668 669
669 670
670 671
671 672
672 673
673 674
674 675
675 676
676 677
677 678
678 679
679 680
680 681
681 682
682 683
683 684
684 685
685 686
686 687
687 688
688 689
689 690
690 691
691 692
692 693
693 694
694 695
695 696
696 697
697 698
698 699
699 700
700 1
20 20 20 20 20 20 20 20 20 20 20 20 20 20 20 20 20 20 20 20 20 20 20 20 20 20 20 20 20 20 20 20 20 20 20 20 20 20 20 20 20 20 20 20 20 20 20 20 20 20 20 20 20 20 20 20 20 20 20 20 20 20 20 20 20 20 20 20 20 20 20 20 20 20 20 20 20 20 20 20 20 20 20 20 20 20 20 20 20 20 20 20 20 20 20 20 20 20 20 20 20 20 20 20 20 20 20 20 20 20 20 20 20 20 20 20 20 20 20 20 20 20 20 20 20 20 20 20 20 20 20 20 20 20 20 20 20 20 20 20 20 20 20 20 20 20 20 20 20 20 20 20 20 20 20 20 20 20 20 20 20 20 20 20 20 20 20 20 20 20 20 20 20 20 20 20 20 20 20 20 20 20 20 20 20 20 20 20 20 20 20 20 20 20 20 20 20 20 20 20 20 20 20 20 20 20 20 20 20 20 20 20 20 20 20 20 20 20 20 20 20 20 20 20 20 20 20 20 20 20 20 20 20 20 20 20 20 20 20 20 20 20 20 20 20 20 20 20 20 20 20 20 20 20 20 20 20 20 20 20 20 20 20 20 20 20 20 20 20 20 20 20 20 20 20 20 20 20 20 20 20 20 20 20 20 20 20 20 20 20 20 20 20 20 20 20 20 20 20 20 20 20 20 20 20 20 20 20 20 20 20 20 20 20 20 20 20 20 20 20 20 20 20 20 20 20 20 20 20 20 20 20 20 20 20 20 20 20 20 20 20 20 20 20 20 20 20 20 20 20 20 20 20 20 20 20 20 20 20 20 20 20 20 20 20 20 20 20 20 20 20 20 20 20 20 20 20 20 20 20 20 20 20 20 20 20 20 20 20 20 20 20 20 20 20 20 20 20 20 20 20 20 20 20 20 20 20 20 20 20 20 20 20 20 20 20 20 20 20 20 20 20 20 20 20 20 20 20 20 20 20 20 20 20 20 20 20 20 20 20 20 20 20 20 20 20 20 20 20 20 20 20 20 20 20 20 20 20 20 20 20 20 20 20 20 20 20 20 20 20 20 20 20 20 20 20 20 20 20 20 20 20 20 20 20 20 20 20 20 20 20 20 20 20 20 20 20 20 20 20 20 20 20 20 20 20 20 20 20 20 20 20 20 20 20 20 20 20 20 20 20 20 20 20 20 20 20 20 20 20 20 20 20 20 20 20 20 20 20 20 20 20 20 20 20 20 20 20 20 20 20 20 20 20 20 20 20 20 20 20 20 20 20 20 20 20 20 20 20 20 20 20 20 20 20 20 20 20 20 20 20 20 20 20 20 20 20 20 20 20 20 20 20 20 20 20 20 20 20 20 20 20 20 20 20 20 20 20 20 20 20 20 20 20 20 20 20 20 20 20 20 20 20 20 20 20 20 20 20 20 20 20 20 20 20 20 20 20 20 20 20 20 20 20 20 20 20 20 20 20 20 20 20 20 20 20 20 20 20 20 20 20 20 20 20 20 20 20 20 20 20 20 20 20 20 20 20 20 20 20 20 20 20 20 20 20 20 20 20 20 20 20 20 20 20 20 20 20 20 20
399 399 399 399 399 399 399 399 399 399 399 399 399 399 399 399 399 399 399 399 399 399 399 399 399 399 399 399 399 399 399 399 399 399 399 399 399 399 399 399 399 399 399 399 399 399 399 399 399 399 399 399 399 399 399 399 399 399 399 399 399 399 399 399 399 399 399 399 399 399 399 399 399 399 399 399 399 399 399 399 399 399 399 399 399 399 399 399 399 399 399 399 399 399 399 399 399 399 399 399 399 399 399 399 399 399 399 399 399 399 399 399 399 399 399 399 399 399 399 399 399 399 399 399 399 399 399 399 399 399 399 399 399 399 399 399 399 399 399 399 399 399 399 399 399 399 399 399 399 399 399 399 399 399 399 399 399 399 399 399 399 399 399 399 399 399 399 399 399 399 399 399 399 399 399 399 399 399 399 399 399 399 399 399 399 399 399 399 399 399 399 399 399 399 399 399 399 399 399 399 399 399 399 399 399 399 399 399 399 399 399 399 399 399 399 399 399 399 399 399 399 399 399 399 399 399 399 399 399 399 399 399 399 399 399 399 399 399 399 399 399 399 399 399 399 399 399 399 399 399 399 399 399 399 399 399 399 399 399 399 399 399 399 399 399 399 399 399 399 399 399 399 399 399 399 399 399 399 399 399 399 399 399 399 399 399 399 399 399 399 399 399 399 399 399 399 399 399 399 399 399 399 399 399 399 399 399 399 399 399 399 399 399 399 399 399 399 399 399 399 399 399 399 399 399 399 399 399 399 399 399 399 399 399 399 399 399 399 399 399 399 399 399 399 399 399 399 399 399 399 399 399 399 399 399 399 399 399 399 399 399 399 399 399 399 399 399 399 399 399 399 399 399 399 399 399 399 399 399 399 399 399 399 399 399 399 399 399 399 399 399 399 399 399 399 399 399 399 399 399 399 399 399 399 399 399 399 399 399 399 399 399 399 399 399 399 399 399 399 399 399 399 399 399 399 399 399 399 399 399 399 399 399 399 399 399 399 399 399 399 399 399 399 399 399 399 399 399 399 399 399 399 399 399 399 399 399 399 399 399 399 399 399 399 399 399 399 399 399 399 399 399 399 399 399 399 399 399 399 399 399 399 399 399 399 399 399 399 399 399 399 399 399 399 399 399 399 399 399 399 399 399 399 399 399 399 399 399 399 399 399 399 399 399 399 399 399 399 399 399 399 399 399 399 399 399 399 399 399 399 399 399 399 399 399 399 399 399 399 399 399 399 399 399 399 399 399 399 399 399 399 399 399 399 399 399 399 399 399 399 399 399 399 399 399 399 399 399 399 399 399 399 399 399 399 399 399 399 399 399 399 399 399 399 399 399 399 399 399 399 399 399 399 399 399 399 399 399 399 399 399 399 399 399 399 399 399 399 399 399 399 399 399 399 399 399 399 399 399 399 399 399 399 399 399 399 399 399 399 399 399 399 399 399 399 399 399 399 399 399 399 399 399 399 399 399 399 399 399 399 399 399 399 399 399 399 399 399 399 399 399 399 399 399 399 399 399 399 399 399 399 399 399 399 399 399 399 399 399 399 399 399 399 399 399 399 399 399 399 399 399 399 399 399 399 399 399 399 399 399
700 700 20 700
1 2
2 3
3 4
4 5
5 6
6 7
7 8
8 9
9 10
10 11
11 12
12 13
13 14
14 15
15 16
16 17
17 18
18 19
19 20
20 21
21 22
22 23
23 24
24 25
25 26
26 27
27 28
28 29
29 30
30 31
31 32
32 33
33 34
34 35
35 36
36 37
37 38
38 39
39 40
40 41
41 42
42 43
43 44
44 45
45 46
46 47
47 48
48 49
49 50
50 51
51 52
52 53
53 54
54 55
55 56
56 57
57 58
58 59
59 60
60 61
61 62
62 63
63 64
64 65
65 66
66 67
67 68
68 69
69 70
70 71
71 72
72 73
73 74
74 75
75 76
76 77
77 78
78 79
79 80
80 81
81 82
82 83
83 84
84 85
85 86
86 87
87 88
88 89
89 90
90 91
91 92
92 93
93 94
94 95
95 96
96 97
97 98
98 99
99 100
100 101
101 102
102 103
103 104
104 105
105 106
106 107
107 108
108 109
109 110
110 111
111 112
112 113
113 114
114 115
115 116
116 117
117 118
118 119
119 120
120 121
121 122
122 123
123 124
124 125
125 126
126 127
127 128
128 129
129 130
130 131
131 132
132 133
133 134
134 135
135 136
136 137
137 138
138 139
139 140
140 141
141 142
142 143
143 144
144 145
145 146
146 147
147 148
148 149
149 150
150 151
151 152
152 153
153 154
154 155
155 156
156 157
157 158
158 159
159 160
160 161
161 162
162 163
163 164
164 165
165 166
166 167
167 168
168 169
169 170
170 171
171 172
172 173
173 174
174 175
175 176
176 177
177 178
178 179
179 180
180 181
181 182
182 183
183 184
184 185
185 186
186 187
187 188
188 189
189 190
190 191
191 192
192 193
193 194
194 195
195 196
196 197
197 198
198 199
199 200
200 201
201 202
202 203
203 204
204 205
205 206
206 207
207 208
208 209
209 210
210 211
211 212
212 213
213 214
214 215
215 216
216 217
217 218
218 219
219 220
220 221
221 222
222 223
223 224
224 225
225 226
226 227
227 228
228 229
229 230
230 231
231 232
232 233
233 234
234 235
235 236
236 237
237 238
238 239
239 240
240 241
241 242
242 243
243 244
244 245
245 246
246 247
247 248
248 249
249 250
250 251
251 252
252 253
253 254
254 255
255 256
256 257
257 258
258 259
259 260
260 261
261 262
262 263
263 264
264 265
265 266
266 267
267 268
268 269
269 270
270 271
271 272
272 273
273 274
274 275
275 276
276 277
277 278
278 279
279 280
280 281
281 282
282 283
283 284
284 285
285 286
286 287
287 288
288 289
289 290
290 291
291 292
292 293
293 294
294 295
295 296
296 297
297 298
298 299
299 300
300 301
301 302
302 303
303 304
304 305
305 306
306 307
307 308
308 309
309 310
310 311
311 312
312 313
313 314
314 315
315 316
316 317
317 318
318 319
319 320
320 321
321 322
322 323
323 324
324 325
325 326
326 327
327 328
328 329
329 330
330 331
331 332
332 333
333 334
334 335
335 336
336 337
337 338
338 339
339 340
340 341
341 342
342 343
343 344
344 345
345 346
346 347
347 348
348 349
349 350
350 351
351 352
352 353
353 354
354 355
355 356
356 357
357 358
358 359
359 360
360 361
361 362
362 363
363 364
364 365
365 366
366 367
367 368
368 369
369 370
370 371
371 372
372 373
373 374
374 375
375 376
376 377
377 378
378 379
379 380
380 381
381 382
382 383
383 384
384 385
385 386
386 387
387 388
388 389
389 390
390 391
391 392
392 393
393 394
394 395
395 396
396 397
397 398
398 399
399 400
400 401
401 402
402 403
403 404
404 405
405 406
406 407
407 408
408 409
409 410
410 411
411 412
412 413
413 414
414 415
415 416
416 417
417 418
418 419
419 420
420 421
421 422
422 423
423 424
424 425
425 426
426 427
427 428
428 429
429 430
430 431
431 432
432 433
433 434
434 435
435 436
436 437
437 438
438 439
439 440
440 441
441 442
442 443
443 444
444 445
445 446
446 447
447 448
448 449
449 450
450 451
451 452
452 453
453 454
454 455
455 456
456 457
457 458
458 459
459 460
460 461
461 462
462 463
463 464
464 465
465 466
466 467
467 468
468 469
469 470
470 471
471 472
472 473
473 474
474 475
475 476
476 477
477 478
478 479
479 480
480 481
481 482
482 483
483 484
484 485
485 486
486 487
487 488
488 489
489 490
490 491
491 492
492 493
493 494
494 495
495 496
496 497
497 498
498 499
499 500
500 501
501 502
502 503
503 504
504 505
505 506
506 507
507 508
508 509
509 510
510 511
511 512
512 513
513 514
514 515
515 516
516 517
517 518
518 519
519 520
520 521
521 522
522 523
523 524
524 525
525 526
526 527
527 528
528 529
529 530
530 531
531 532
532 533
533 534
534 535
535 536
536 537
537 538
538 539
539 540
540 541
541 542
542 543
543 544
544 545
545 546
546 547
547 548
548 549
549 550
550 551
551 552
552 553
553 554
554 555
555 556
556 557
557 558
558 559
559 560
560 561
561 562
562 563
563 564
564 565
565 566
566 567
567 568
568 569
569 570
570 571
571 572
572 573
573 574
574 575
575 576
576 577
577 578
578 579
579 580
580 581
581 582
582 583
583 584
584 585
585 586
586 587
587 588
588 589
589 590
590 591
591 592
592 593
593 594
594 595
595 596
596 597
597 598
598 599
599 600
600 601
601 602
602 603
603 604
604 605
605 606
606 607
607 608
608 609
609 610
610 611
611 612
612 613
613 614
614 615
615 616
616 617
617 618
618 619
619 620
620 621
621 622
622 623
623 624
624 625
625 626
626 627
627 628
628 629
629 630
630 631
631 632
632 633
633 634
634 635
635 636
636 637
637 638
638 639
639 640
640 641
641 642
642 643
643 644
644 645
645 646
646 647
647 648
648 649
649 650
650 651
651 652
652 653
653 654
654 655
655 656
656 657
657 658
658 659
659 660
660 661
661 662
662 663
663 664
664 665
665 666
666 667
667 668
668 669
669 670
670 671
671 672
672 673
673 674
674 675
675 676
676 677
677 678
678 679
679 680
680 681
681 682
682 683
683 684
684 685
685 686
686 687
687 688
688 689
689 690
690 691
691 692
692 693
693 694
694 695
695 696
696 697
697 698
698 699
699 700
700 1
19 19 19 19 19 19 19 19 19 19 19 19 19 19 19 19 19 19 19 19 19 19 19 19 19 19 19 19 19 19 19 19 19 19 19 19 19 19 19 19 19 19 19 19 19 19 19 19 19 19 19 19 19 19 19 19 19 19 19 19 19 19 19 19 19 19 19 19 19 19 19 19 19 19 19 19 19 19 19 19 19 19 19 19 19 19 19 19 19 19 19 19 19 19 19 19 19 19 19 19 19 19 19 19 19 19 19 19 19 19 19 19 19 19 19 19 19 19 19 19 19 19 19 19 19 19 19 19 19 19 19 19 19 19 19 19 19 19 19 19 19 19 19 19 19 19 19 19 19 19 19 19 19 19 19 19 19 19 19 19 19 19 19 19 19 19 19 19 19 19 19 19 19 19 19 19 19 19 19 19 19 19 19 19 19 19 19 19 19 19 19 19 19 19 19 19 19 19 19 19 19 19 19 19 19 19 19 19 19 19 19 19 19 19 19 19 19 19 19 19 19 19 19 19 19 19 19 19 19 19 19 19 19 19 19 19 19 19 19 19 19 19 19 19 19 19 19 19 19 19 19 19 19 19 19 19 19 19 19 19 19 19 19 19 19 19 19 19 19 19 19 19 19 19 19 19 19 19 19 19 19 19 19 19 19 19 19 19 19 19 19 19 19 19 19 19 19 19 19 19 19 19 19 19 19 19 19 19 19 19 19 19 19 19 19 19 19 19 19 19 19 19 19 19 19 19 19 19 19 19 19 19 19 19 19 19 19 19 19 19 19 19 19 19 19 19 19 19 19 19 19 19 19 19 19 19 19 19 19 19 19 19 19 19 19 19 19 19 19 19 19 19 19 19 19 19 19 19 19 19 19 19 19 19 19 19 19 19 19 19 19 19 19 19 19 19 19 19 19 19 19 19 19 19 19 19 19 19 19 19 19 19 19 19 19 19 19 19 19 19 19 19 19 19 19 19 19 19 19 19 19 19 19 19 19 19 19 19 19 19 19 19 19 19 19 19 19 19 19 19 19 19 19 19 19 19 19 19 19 19 19 19 19 19 19 19 19 19 19 19 19 19 19 19 19 19 19 19 19 19 19 19 19 19 19 19 19 19 19 19 19 19 19 19 19 19 19 19 19 19 19 19 19 19 19 19 19 19 19 19 19 19 19 19 19 19 19 19 19 19 19 19 19 19 19 19 19 19 19 19 19 19 19 19 19 19 19 19 19 19 19 19 19 19 19 19 19 19 19 19 19 19 19 19 19 19 19 19 19 19 19 19 19 19 19 19 19 19 19 19 19 19 19 19 19 19 19 19 19 19 19 19 19 19 19 19 19 19 19 19 19 19 19 19 19 19 19 19 19 19 19 19 19 19 19 19 19 19 19 19 19 19 19 19 19 19 19 19 19 19 19 19 19 19 19 19 19 19 19 19 19 19 19 19 19 19 19 19 19 19 19 19 19 19 19 19 19 19 19 19 19 19 19 19 19 19 19 19 19 19 19 19 19 19 19 19 19 19 19 19 19 19 19 19 19 19 19 19 19 19 19 19 19 19 19 19 19 19 19 19 19 19 19 19 19 19 19 19 19 19
400 400 400 400 400 400 400 400 400 400 400 400 400 400 400 400 400 400 400 400 400 400 400 400 400 400 400 400 400 400 400 400 400 400 400 400 400 400 400 400 400 400 400 400 400 400 400 400 400 400 400 400 400 400 400 400 400 400 400 400 400 400 400 400 400 400 400 400 400 400 400 400 400 400 400 400 400 400 400 400 400 400 400 400 400 400 400 400 400 400 400 400 400 400 400 400 400 400 400 400 400 400 400 400 400 400 400 400 400 400 400 400 400 400 400 400 400 400 400 400 400 400 400 400 400 400 400 400 400 400 400 400 400 400 400 400 400 400 400 400 400 400 400 400 400 400 400 400 400 400 400 400 400 400 400 400 400 400 400 400 400 400 400 400 400 400 400 400 400 400 400 400 400 400 400 400 400 400 400 400 400 400 400 400 400 400 400 400 400 400 400 400 400 400 400 400 400 400 400 400 400 400 400 400 400 400 400 400 400 400 400 400 400 400 400 400 400 400 400 400 400 400 400 400 400 400 400 400 400 400 400 400 400 400 400 400 400 400 400 400 400 400 400 400 400 400 400 400 400 400 400 400 400 400 400 400 400 400 400 400 400 400 400 400 400 400 400 400 400 400 400 400 400 400 400 400 400 400 400 400 400 400 400 400 400 400 400 400 400 400 400 400 400 400 400 400 400 400 400 400 400 400 400 400 400 400 400 400 400 400 400 400 400 400 400 400 400 400 400 400 400 400 400 400 400 400 400 400 400 400 400 400 400 400 400 400 400 400 400 400 400 400 400 400 400 400 400 400 400 400 400 400 400 400 400 400 400 400 400 400 400 400 400 400 400 400 400 400 400 400 400 400 400 400 400 400 400 400 400 400 400 400 400 400 400 400 400 400 400 400 400 400 400 400 400 400 400 400 400 400 400 400 400 400 400 400 400 400 400 400 400 400 400 400 400 400 400 400 400 400 400 400 400 400 400 400 400 400 400 400 400 400 400 400 400 400 400 400 400 400 400 400 400 400 400 400 400 400 400 400 400 400 400 400 400 400 400 400 400 400 400 400 400 400 400 400 400 400 400 400 400 400 400 400 400 400 400 400 400 400 400 400 400 400 400 400 400 400 400 400 400 400 400 400 400 400 400 400 400 400 400 400 400 400 400 400 400 400 400 400 400 400 400 400 400 400 400 400 400 400 400 400 400 400 400 400 400 400 400 400 400 400 400 400 400 400 400 400 400 400 400 400 400 400 400 400 400 400 400 400 400 400 400 400 400 400 400 400 400 400 400 400 400 400 400 400 400 400 400 400 400 400 400 400 400 400 400 400 400 400 400 400 400 400 400 400 400 400 400 400 400 400 400 400 400 400 400 400 400 400 400 400 400 400 400 400 400 400 400 400 400 400 400 400 400 400 400 400 400 400 400 400 400 400 400 400 400 400 400 400 400 400 400 400 400 400 400 400 400 400 400 400 400 400 400 400 400 400 400 400 400 400 400 400 400 400 400 400 400 400 400 400 400 400 400 400 400 400 400 400 400 400 400 400 400 400 400 400 400 400 400 400 400 400 400 400 400 400 400 400 400 400 400 400 400 400 400 400 400 400
394 5 0 577
65 187
262 222
123 97
131 28
103 122
232 139
258 30
297 105
386 292
269 380
337 365
38 46
368 358
186 260
386 112
13 238
9 214
315 38
343 297
175 5
115 354
29 130
210 273
392 391
57 271
131 154
387 36
85 276
363 165
222 99
200 394
354 375
298 308
62 6
16 75
163 55
147 311
73 122
84 76
241 166
141 369
203 136
190 105
329 163
219 237
371 355
363 164
289 258
145 5
7 186
205 99
78 211
303 312
304 71
268 392
205 2
76 331
356 234
309 193
371 122
311 253
13 268
358 184
171 253
6 240
148 123
62 294
198 297
44 224
303 276
40 341
137 28
159 177
105 93
311 175
245 80
40 175
313 367
54 270
363 311
319 55
364 253
376 374
4 318
380 184
227 248
178 192
25 235
335 298
329 106
37 313
272 224
291 92
261 27
5 124
222 152
65 23
352 205
197 377
131 156
67 317
284 177
2 206
293 9
128 32
19 124
171 222
35 341
360 320
330 338
167 44
120 50
362 346
281 53
260 1
168 175
91 65
250 195
292 240
334 187
359 145
87 88
84 78
12 360
46 28
321 337
251 315
89 365
281 242
291 298
174 385
9 48
361 43
185 65
280 205
89 201
100 221
126 163
224 302
80 40
8 341
157 85
109 135
33 65
319 298
144 204
204 194
259 162
207 280
59 284
168 331
340 139
165 96
375 385
10 256
280 96
364 355
5 298
117 53
106 10
74 19
198 361
77 357
231 368
75 270
343 140
355 314
375 120
114 212
221 49
127 114
69 109
292 91
289 335
137 381
53 49
190 25
219 297
156 153
134 109
281 365
135 126
223 38
378 17
248 204
325 319
65 190
235 348
161 6
146 159
19 343
344 191
258 243
79 148
140 378
360 31
294 34
6 45
342 373
76 218
72 138
274 80
382 336
288 383
281 130
364 170
126 39
313 361
379 214
290 290
103 35
105 291
255 80
19 370
165 375
83 53
237 258
163 173
146 272
172 228
279 271
167 285
343 126
64 120
71 268
124 163
241 121
222 37
65 382
356 286
123 125
253 327
129 27
65 164
263 57
391 4
198 212
119 309
41 159
253 4
92 345
370 101
331 336
348 342
374 243
266 216
328 232
69 218
303 393
305 145
385 25
268 300
252 169
50 26
219 80
374 4
127 234
260 383
322 260
377 266
257 341
192 320
229 10
92 336
166 266
225 391
81 202
232 205
158 262
134 41
33 323
15 149
231 248
44 376
157 112
318 293
287 320
77 11
216 105
91 385
61 371
51 327
65 388
19 293
36 216
33 235
318 140
172 385
382 263
92 168
104 50
118 332
163 273
125 16
250 207
36 106
256 384
108 161
160 260
49 362
59 82
155 269
138 152
8 211
118 146
277 362
37 312
53 178
99 120
274 54
41 148
9 151
173 253
79 201
303 182
91 213
384 142
62 130
274 337
53 10
7 223
288 324
77 224
299 369
31 392
354 160
42 295
158 270
222 87
214 338
253 124
56 221
93 40
334 30
54 204
116 383
328 60
27 147
169 176
39 10
152 225
107 271
215 263
393 283
245 296
112 21
104 327
386 143
141 137
265 315
130 51
251 142
233 104
10 134
83 283
265 210
290 118
86 316
278 289
213 274
173 300
78 106
255 300
73 261
153 22
372 279
155 37
47 253
140 126
314 273
265 262
386 218
92 381
219 367
48 151
247 12
232 166
11 266
368 135
48 102
298 5
163 377
200 161
97 237
100 110
224 11
91 230
154 6
159 255
58 377
275 245
360 153
155 55
63 167
323 202
320 276
58 355
336 162
317 128
104 186
42 187
139 269
215 165
180 121
62 128
95 178
102 43
354 104
382 386
347 236
368 354
367 298
299 1
347 11
58 202
7 124
51 343
38 250
73 281
59 174
320 205
394 347
203 312
163 199
277 204
34 142
223 285
256 53
17 361
324 82
311 310
7 277
197 24
20 389
324 247
220 32
20 281
166 350
108 54
75 135
172 52
164 18
253 63
355 75
75 157
181 137
219 74
208 217
207 307
156 55
331 333
128 33
103 169
194 326
132 234
338 37
102 311
74 282
262 326
127 309
60 210
11 145
127 39
182 77
83 69
312 377
73 240
154 254
38 69
339 182
41 6
40 164
360 313
271 98
135 321
10 262
225 142
64 268
86 39
121 183
289 226
371 344
289 77
328 105
256 95
247 129
54 353
220 44
30 365
316 50
131 258
247 368
163 109
131 116
64 49
136 379
189 325
128 220
17 40
88 221
284 267
313 310
217 147
17 66
89 251
313 372
349 228
12 136
101 286
242 231
130 274
123 248
376 80
218 220
309 328
35 95
288 388
270 265
324 113
106 241
101 339
280 14
294 2
6 77
84 15
387 89
339 220
284 10
310 303
321 17
215 259
144 59
227 169
223 23
110 317
28 152
363 267
378 289
159 100
330 365
340 317
7 43
373 314
232 96
239 289
30 80
142 99
232 308
321 318
232 314
20 343
303 148
323 375
294 64
287 177
349 1
374 359
198 56
233 196
312 353
145 240
2 196
133 232
258 22
295 271
371 358
271 96
67 63
316 260
384 389
224 68
53 206
113 83
369 3
308 200
36 386
220 312
12 20 16 20 8 3 4 4 16 4 11 19 8 4 18 20 1 17 20 6 7 4 4 16 9 6 7 19 20 6 5 5 16 19 4 2 6 17 17 19 8 0 0 16 7 3 5 2 19 9 10 4 10 5 19 18 15 11 15 1 7 18 16 6 8 2 0 19 3 16 3 9 11 3 5 2 0 7 17 4 9 8 10 4 0 6 20 12 9 6 15 3 12 10 1 10 7 0 9 4 2 14 11 8 14 18 7 11 18 5 9 10 7 11 16 18 8 5 16 14 5 9 5 10 4 1 5 1 6 6 6 19 16 5 19 10 0 9 1 5 20 11 20 9 7 4 5 16 12 18 10 18 18 1 14 1 7 2 13 2 1 15 14 17 19 14 17 6 9 11 8 9 10 10 0 3 16 18 4 2 4 18 9 20 10 2 16 2 14 20 15 17 8 1 4 18 16 12 4 10 17 2 18 1 15 0 17 6 11 0 14 20 6 17 3 0 14 5 15 1 2 6 10 5 2 2 7 1 11 0 10 6 0 0 12 14 3 11 1 9 17 3 9 18 5 16 1 5 16 18 6 8 6 4 6 17 12 17 11 14 11 4 10 7 4 6 19 20 20 11 5 7 6 20 18 16 10 10 15 18 15 19 12 17 12 11 17 9 17 5 20 15 4 14 6 2 2 9 19 4 11 9 3 14 6 0 17 16 0 9 6 13 6 14 0 19 13 8 17 15 6 1 13 8 18 3 17 17 4 5 12 5 10 11 8 2 5 17 16 2 14 18 12 20 12 9 8 12 13 20 3 6 18 14 6 11 1 3 0 17 2 7 6 14 1 0 3 11 7 1 6 5 15 14 0 17 2 8 8 0 2 15 14 16 20 18 6 13 13 4 15 19 12 16
112 338 132 121 226
496 232 17 0
15 11 18 8 8 20 6 2 17 14 6 16 14 9 11 19 11 2 9 6 20 9 8 16 16 1 14 19 12 5 19 1 10 4 11 8 18 1 9 6 2 17 13 7 11 9 1 6 0 2 17 16 6 0 18 1 5 17 12 9 16 19 12 19 1 10 14 17 9 13 6 15 12 20 11 4 16 9 2 20 10 3 4 5 19 17 0 14 6 9 15 6 6 19 16 17 15 20 15 15 6 14 19 11 15 3 9 11 15 10 4 20 10 2 17 7 19 0 15 14 15 0 10 10 6 1 12 7 20 4 8 13 2 3 1 17 16 2 5 13 1 1 3 16 5 15 3 13 14 13 3 9 5 6 6 19 3 8 16 1 16 19 13 19 9 16 20 10 9 20 14 10 8 15 20 10 9 10 0 17 15 13 14 16 9 12 5 11 13 11 4 5 0 8 12 7 14 8 9 4 11 4 4 9 13 10 4 11 14 4 2 18 7 11 10 10 6 3 14 14 19 10 17 10 20 3 6 16 8 11 18 4 1 0 12 19 5 10 8 10 17 18 12 9 19 9 6 10 13 4 15 7 1 14 18 19 20 1 20 18 18 0 14 4 18 5 1 12 14 11 8 1 15 0 12 2 9 12 5 15 5 18 8 14 9 6 1 12 1 9 8 6 5 10 18 16 6 12 13 15 13 1 3 16 5 11 1 12 6 0 0 5 10 15 0 10 7 12 14 1 5 18 13 3 11 7 3 8 11 13 18 5 20 7 13 8 9 14 15 1 0 7 6 9 19 6 4 9 6 8 11 2 15 13 15 9 3 15 18 18 15 2 6 14 0 5 8 16 0 5 13 0 6 15 9 15 5 14 3 13 16 1 5 6 18 1 8 20 1 20 1 11 9 14 6 9 18 3 18 1 3 4 11 6 9 1 6 0 2 13 11 9 0 15 2 14 8 18 2 7 0 19 12 7 3 18 7 2 9 7 17 1 16 18 1 14 15 15 18 9 13 12 9 2 11 11 7 15 18 10 7 10 15 6 17 13 14 12 1 13 18 14 17 3 9 15 19 1 4 5 5 13 8 19 14 14 19 18 0 8 13 15 18 4 10 18 3 0 8 3 0 8 13 13 17 5
110 362 22 238 54 304 46 335 116 373 253 308 81 269 263 160 222 215 337 400 328 199 40 253 390 86 54 76 35 205 80 355 357 349 213 179 267 162 226 25 220 224 87 72 175 360 398 284 131 131 371 106 239 289 112 371 100 397 283 211 231 357 343 17 127 3 169 282 156 225 65 82 133 102 285 312 123 335 140 333 281 200 308 316 88 360 137 25 397 397 265 17 4 313 277 337 384 251 325 146 162 247 123 262 353 179 356 306 104 27 126 238 233 65 274 127 153 45 284 99 81 359 133 323 23 202 258 282 186 69 217 354 118 163 266 140 260 167 65 191 24 32 172 136 321 21 138 241 228 248 231 386 89 202 30 306 219 387 46 215 107 168 372 92 53 161 108 308 285 105 336 94 25 68 231 309 287 64 157 328 254 307 61 321 68 12 192 259 254 194 73 227 190 0 105 153 293 390 392 227 141 343 320 385 102 400 237 258 93 369 58 276 371 321 85 392 337 399 321 380 87 85 95 190 72 362 334 137 102 54 82 109
340 240 1 390
105 333
311 248
64 315
308 131
247 311
172 5
65 96
293 199
36 238
168 105
205 220
282 340
289 279
293 290
316 117
248 88
216 332
25 292
149 284
247 320
129 201
266 224
91 252
322 135
120 94
125 135
26 219
29 314
306 220
320 254
136 46
59 14
289 237
160 333
326 87
205 244
139 140
169 204
76 2
265 137
204 164
244 69
239 239
273 175
61 200
163 223
124 79
196 291
250 237
298 124
135 59
55 150
10 78
304 218
281 212
16 281
195 312
84 183
6 18
301 312
178 5
309 202
76 296
137 269
206 42
237 88
245 168
295 119
286 164
66 262
140 155
58 288
298 58
3 149
212 124
166 311
107 110
217 111
297 219
325 197
164 314
14 186
98 34
76 182
5 254
150 152
159 302
268 95
326 14
254 175
301 143
122 191
9 147
117 179
81 19
245 1
81 190
306 278
331 235
206 115
317 52
195 254
187 314
258 138
4 109
214 296
288 232
134 48
50 161
170 48
258 222
141 336
75 108
74 322
241 168
166 306
28 190
289 12
90 282
269 83
140 234
142 212
136 36
304 16
84 244
257 261
13 97
282 253
273 159
299 257
73 95
43 18
285 122
93 29
296 110
281 152
305 171
62 179
287 289
34 308
169 317
170 314
139 24
131 135
132 9
129 153
139 254
254 238
239 321
72 177
338 190
104 135
151 305
265 72
145 53
66 195
184 129
64 131
108 180
209 262
87 234
166 239
20 161
293 57
95 237
295 55
230 14
154 47
129 155
238 283
199 133
87 294
60 326
14 221
96 278
267 254
227 42
26 330
255 164
59 49
188 192
78 66
336 178
180 67
95 66
194 312
235 19
57 61
119 130
64 38
146 198
276 83
174 52
198 81
236 151
232 216
20 268
107 9
329 23
293 224
60 102
284 56
185 286
313 172
140 329
20 301
210 199
124 282
49 165
303 57
96 101
56 26
240 279
293 174
125 314
104 169
172 306
318 337
223 13
201 174
303 165
202 92
210 12
151 284
222 52
237 4
39 199
92 232
65 179
104 123
306 321
291 239
241 61
285 238
233 148
166 222
217 79
324 160
108 66
209 171
109 221
291 250
201 231
47 98
134 276
10 245
234 238
139 276
139 143
283 259
293 200
104 67
95 146
250 316
295 306
81 89
324 181
321 93
249 329
6 270
32 125
45 184
263 1
171 159
69 231
114 177
301 285
212 136
80 112
238 255
167 159
121 52
268 23
308 95
318 333
257 185
49 63
30 107
197 308
188 58
160 296
25 330
158 207
203 190
73 118
267 174
117 143
105 2
189 202
125 57
271 176
18 48
175 131
162 148
268 88
5 14
61 97
319 94
76 28
167 183
96 65
190 108
132 135
317 319
35 268
264 71
213 92
266 236
86 339
114 287
313 123
196 214
215 90
197 284
226 110
55 252
275 186
181 215
273 249
66 194
91 127
17 270
82 289
53 148
33 291
193 118
135 76
141 147
182 3
55 223
273 317
106 172
179 165
211 153
325 309
105 260
321 266
66 221
320 186
147 209
133 306
247 180
240 309
111 103
200 7
61 228
288 2
188 243
225 279
280 151
82 146
218 147
332 54
312 296
132 237
121 98
274 306
1 340
314 26
52 199
217 251
73 94
83 182
15 272
39 322
338 170
302 316
162 73
113 64
51 98
87 309
241 337
62 109
44 239
209 302
129 204
159 206
314 37
73 71
331 201
205 296
89 36
198 230
51 107
179 94
71 77
213 188
61 277
27 294
237 274
19 12 14 0 18 11 0 7 15 4 16 12 13 18 19 6 2 14 15 5 8 17 3 2 19 0 4 0 9 14 4 2 10 4 11 8 5 17 5 11 0 18 3 13 20 4 14 1 19 13 14 0 8 12 5 15 11 4 18 13 5 7 14 13 9 13 1 4 2 14 15 14 13 7 10 8 3 17 2 5 15 18 2 16 5 19 2 20 5 5 17 7 3 6 19 11 10 11 2 11 14 0 3 19 10 5 12 8 1 20 7 9 7 16 7 7 9 20 18 1 19 12 3 6 14 19 16 7 10 16 12 11 1 3 2 4 14 11 10 11 3 3 12 20 3 11 4 1 20 16 16 13 1 7 20 10 14 20 14 3 19 15 5 0 6 8 5 7 9 4 18 13 20 13 3 1 6 11 18 17 19 16 10 7 3 0 16 12 5 2 0 9 5 17 1 10 9 13 4 12 5 8 4 17 10 0 10 17 2 17 14 15 15 0 8 17 14 15 12 7 17 2 17 17 10 12 15 0 3 16 6 8 16 14 1 8 4 9 8 7 16 9 13 4 6 9 12 8 16 7 4 6 9 17 15 4 20 18 13 10 18 14 12 0 11 17 8 19 7 8 16 9 4 13 1 2 13 11 2 8 0 17 17 1 7 5 13 10 11 18 12 12 15 4 15 19 12 19 6 6 11 1 10 2 12 19 0 7 0 7 7 0 3 13 10 14 7 14 13 16 6 10 1 6 10 17 19 15 5 8 15 18 19 7 6 15 10 17 9 3
156 219 286 151 389 58 158 80 65 344 366 382 223 17 15 96 382 133 379 152 16 314 291 233 220 280 69 137 157 49 250 221 61 347 33 150 79 306 74 26 327 146 299 286 348 139 321 208 329 111 44 256 367 123 223 232 32 247 314 123 4 136 166 241 71 19 356 221 172 312 35 274 335 158 161 369 62 255 198 200 256 232 268 100 304 178 101 64 301 369 350 316 386 390 215 291 32 12 44 250 380 190 366 78 279 256 54 124 287 211 281 201 331 236 230 334 343 259 398 255 349 212 327 143 169 273 365 341 351 259 366 397 62 113 129 189 331 354 253 25 156 276 347 57 347 322 319 260 398 294 176 394 208 389 227 311 281 9 48 355 21 174 219 344 87 134 339 173 297 56 284 196 383 170 152 123 81 252 63 126 201 342 86 62 369 286 151 32 127 75 29 131 155 292 388 105 94 85 71 288 226 68 170 157 194 302 337 328 200 299 395 379 208 339 58 197 191 184 230 375 134 162 332 206 218 362 0 176 321 208 137 42 273 244 52 0 211 222 308 241
192 135 6 490
108 181
68 115
83 61
56 25
133 116
7 144
36 155
188 91
94 44
189 180
124 112
110 117
188 32
17 90
177 77
171 147
113 37
165 133
128 153
152 134
168 105
183 103
189 112
153 160
15 103
120 172
104 175
52 151
50 73
165 43
100 50
140 51
23 84
128 144
140 144
166 7
3 17
146 180
57 60
176 172
63 114
61 94
38 173
119 50
14 138
119 40
186 34
51 131
90 106
186 135
139 140
71 183
28 24
153 145
118 118
180 34
14 65
135 105
98 71
185 189
153 36
128 82
181 41
149 8
78 119
82 182
148 97
160 125
74 104
45 109
32 46
39 94
21 81
43 49
123 105
173 143
86 14
13 18
162 72
107 50
81 89
166 164
128 155
133 73
65 178
8 40
138 118
34 136
42 172
67 53
87 46
1 156
88 109
107 176
171 138
5 101
177 52
38 108
157 106
141 10
102 106
122 191
147 140
168 7
192 4
5 68
75 37
86 145
127 98
27 134
51 12
37 75
4 132
134 117
151 110
19 3
107 114
127 127
75 77
106 10
180 191
83 4
134 30
7 117
56 98
191 66
176 84
161 43
40 101
145 177
139 135
41 111
126 31
23 56
73 76
68 156
161 89
180 152
159 13
61 34
75 88
96 35
173 106
15 26
177 111
98 144
82 94
87 170
122 26
168 33
40 4
143 127
97 4
42 110
150 135
119 76
188 26
33 9
3 44
145 93
111 75
112 103
119 190
15 99
149 10
57 116
144 184
40 121
174 109
76 29
155 29
84 173
32 20
24 122
169 157
96 23
155 160
17 72
186 22
133 48
26 26
109 14
168 160
122 22
36 71
24 143
51 173
140 60
120 105
71 34
70 102
177 138
150 78
53 120
35 38
59 37
167 104
176 112
8 106
160 44
150 19
38 148
48 48
1 29
82 122
184 127
112 39
58 64
82 69
140 152
59 68
156 161
185 119
40 34
114 25
92 157
161 177
8 180
84 8
5 94
74 12
3 8
127 59
117 106
192 95
89 143
90 140
124 133
147 165
122 95
68 163
4 93
34 29
58 14
98 169
152 80
70 159
54 101
153 104
130 122
56 169
84 108
51 49
166 181
192 76
172 68
90 177
61 83
41 55
143 180
157 55
27 100
132 182
161 60
168 17
136 58
99 175
38 8
39 13
91 112
80 187
146 169
57 79
112 28
68 124
38 125
110 172
130 30
5 56
126 77
142 32
60 133
80 134
130 82
80 35
118 6
126 87
121 167
166 84
132 76
58 100
93 89
33 94
116 119
191 165
61 106
12 70
100 155
64 11
172 80
66 49
130 76
54 84
146 110
44 191
78 64
7 188
72 48
180 29
187 21
178 167
78 12
165 52
15 189
101 149
47 169
12 125
179 97
44 130
14 127
41 132
129 120
41 42
138 90
38 91
49 81
6 93
50 48
33 104
61 130
123 139
92 192
48 102
66 105
139 28
65 4
40 18
27 116
90 46
133 18
74 82
14 27
104 158
57 129
170 160
48 7
111 145
16 168
136 2
78 30
90 110
128 71
174 98
122 111
39 67
115 178
154 1
11 95
189 19
43 163
3 181
158 11
117 63
162 8
67 144
144 13
105 25
66 167
58 120
142 112
1 154
70 161
96 24
117 67
2 22
41 81
83 86
37 126
100 28
114 130
122 118
192 114
15 92
131 6
80 6
42 38
181 58
2 126
36 187
38 18
121 174
69 54
104 184
64 149
125 170
60 65
138 20
29 152
106 92
99 87
79 184
192 111
117 1
144 130
41 50
183 13
44 41
83 126
167 78
102 167
36 136
133 49
26 29
149 133
50 8
53 148
28 49
188 158
113 191
22 132
121 64
150 31
33 43
72 183
18 47
166 127
45 37
135 87
45 156
30 45
111 147
96 3
125 37
15 58
7 96
112 181
175 82
9 95
173 62
186 102
158 75
125 83
82 120
63 174
132 4
46 182
110 143
34 140
160 34
55 68
124 63
184 168
136 130
63 146
137 175
179 80
28 105
101 142
5 121
62 147
149 113
57 93
163 97
10 184
66 13
81 99
86 72
68 43
167 117
34 28
117 183
104 148
119 46
62 176
31 98
174 3
19 156
71 22
16 102
150 120
172 146
142 18
146 177
56 163
33 116
188 102
113 132
170 113
19 45
86 37
17 172
55 91
169 166
71 59
132 68
117 125
125 161
187 4
107 59
79 99
16 3 7 14 2 15 7 0 7 19 7 6 2 8 2 0 13 16 8 19 10 10 10 18 10 8 6 10 12 9 18 0 9 1 7 17 20 7 13 4 0 0 12 12 17 15 4 1 15 5 16 11 17 3 7 18 2 10 8 19 3 13 3 9 7 3 15 9 15 18 2 19 20 9 0 5 2 3 5 11 2 19 9 5 0 12 16 17 13 11 0 8 20 3 17 13 14 10 8 16 15 10 0 9 5 1 10 8 20 6 18 3 11 7 0 2 11 18 0 4 17 13 14 11 5 10 0 17 0 0 11 1 6 15 8 14 5 20 1 12 4 8 6 0 20 14 16 0 14 13 3 1 14 8 7 19 18 4 15 0 6 0 14 4 10 6 4 15 5 13 12 19 3 2 15 7 16 6 1 19 15 20 20 3 1 4 5 16 14 4 14 7
379 338 45 221 66 348 387 294 307 71 147 398 145 325 194 345 382 339 367 145 53 306 350 168 150 260 384 49 325 318 281 320 232 331 235 350 377 20 247 392 147 8 157 234 102 362 2 118 325 99 72 122 77 294 346 91 343 342 160 159 353 110 274 380 228 100 218 229 192 83 8 334 1 274 114 122 19 227 79 57 214 152 128 100 173 298 387 205 130 74 296 79 65 236 197 22 0 1 107 332 324 118 375 172 235 300 45 73 341 104 298 180 129 379 257 32 114 93 378 255 85 165 49 2 213 162 140 334 311 342 269 371 336 165 291
282 22 0 306
221 166
251 37
234 197
185 222
23 70
173 142
100 260
115 274
18 209
96 11
43 65
9 43
159 244
174 95
206 73
106 242
63 42
30 198
167 189
200 237
3 86
219 181
156 42
76 167
136 32
113 254
266 217
197 179
15 11
81 88
207 20
251 182
182 134
201 133
76 105
99 138
194 44
245 153
264 99
42 246
59 190
146 32
170 135
117 139
175 191
192 49
42 184
260 247
242 188
281 111
275 119
28 204
251 220
20 14
29 94
81 271
140 194
271 246
254 224
137 180
162 38
158 244
147 100
184 259
172 120
120 185
15 58
47 282
233 11
122 62
70 205
201 255
252 237
200 6
189 15
222 71
235 230
95 198
26 240
3 59
11 139
8 279
247 145
153 262
251 272
53 95
169 158
196 214
123 255
70 81
151 173
267 147
34 177
250 85
60 4
45 269
177 124
187 62
163 256
193 109
143 153
255 273
75 247
55 96
30 48
62 101
16 212
43 239
25 104
265 230
73 249
18 97
71 63
213 192
203 39
6 73
129 62
230 136
267 158
253 62
159 46
173 19
151 260
227 199
37 25
18 6
183 271
159 249
5 246
30 281
85 167
241 206
217 233
147 137
63 260
12 282
137 15
234 176
130 161
57 233
250 165
106 238
4 121
262 214
170 23
252 158
91 67
49 4
252 262
242 279
223 70
241 115
192 239
117 35
221 180
87 193
75 92
211 123
170 127
252 168
275 66
174 42
152 13
30 208
71 106
267 241
232 134
194 69
265 51
159 32
57 265
264 220
130 26
212 45
115 152
271 109
180 120
258 104
132 180
60 150
117 173
234 79
95 130
81 215
12 125
108 234
93 239
134 143
14 72
165 249
192 42
77 236
27 210
273 41
281 274
99 55
169 104
184 208
90 163
75 163
36 214
69 147
71 179
111 8
259 102
156 160
91 99
194 81
159 42
177 133
115 58
59 1
40 236
113 74
57 246
57 120
278 250
69 33
255 255
160 281
44 223
168 264
130 134
96 10
261 241
154 11
148 46
104 71
239 119
225 258
63 189
247 61
163 52
98 213
57 211
54 89
251 237
143 252
144 182
139 264
27 196
203 149
94 68
101 252
151 88
168 250
29 215
59 125
39 95
205 161
191 221
264 45
41 98
190 212
233 124
91 220
143 92
155 24
165 26
91 30
138 29
163 263
175 78
9 83
67 4
216 202
72 82
157 17
255 230
70 170
256 252
161 76
71 65
147 112
155 207
255 14
56 269
176 34
31 216
227 89
54 7
156 237
122 45
67 117
192 61
248 203
23 57
73 58
174 81
135 200
19 230
3 278
62 195
198 10
34 235
232 170
140 112
4 240
83 226
155 100
175 135
88 23
1 74
162 152
201 280
221 74
14 16 10 18 13 17 13 18 6 5 13 13 11 5 15 13 9 11 6 8 20 2 10 12 10 9 2 16 1 7 8 3 18 17 0 0 1 4 3 9 2 0 20 18 1 7 4 3 11 9 6 10 10 0 1 8 14 17 8 0 18 0 5 12 10 5 12 3 15 0 0 6 16 17 19 8 19 8 10 4 13 5 18 6 19 11 7 13 4 10 9 5 0 2 16 0 7 4 1 10 18 9 19 5 16 0 3 15 0 10 10 16 13 15 1 3 12 10 19 19 17 16 5 12 10 14 5 9 4 15 0 17 17 2 17 3 13 1 5 12 19 13 3 1 16 5 9 14 14 4 10 20 6 12 8 0 19 7 20 10 11 6 1 16 5 17 13 19 7 7 14 10 19 8 17 5 6 12 11 5 1 1 7 7 9 9 7 4 4 10 19 19 19 6 6 5 18 15 19 2 0 8 1 9 12 20 9 15 15 14 11 13 17 4 0 15 3 15 8 19 13 6 3 0 1 9 15 20 15 11 12 12 1 12 1 3 18 6 13 6 4 9 12 19 12 3 0 10 1 6 1 1 16 11 8 13 17 0 19 15 13 12 17 12 17 7 3 12 15 20 17 12 17 15 12 14 2 7 12 4 5 0
2 397 22 48 265 225 50 218 255 34 303 74 42 329 177 49 274 84 213 40 277 255
348 29 14 209
150 58
271 120
320 255
315 111
72 11
165 342
305 45
9 153
233 17
294 210
270 287
11 171
40 151
26 32
142 146
252 41
123 269
143 70
48 64
166 333
35 46
94 211
316 26
29 228
274 293
234 255
229 255
91 180
133 306
266 314
198 57
279 296
169 94
31 87
342 262
113 19
41 24
219 73
30 333
310 116
202 69
222 7
87 54
5 338
83 219
157 235
105 202
221 247
295 80
67 1
311 346
134 214
23 345
183 261
52 313
281 241
47 130
26 23
302 228
103 262
323 161
85 99
209 186
22 162
153 257
106 289
57 291
173 119
14 5
260 26
130 213
33 59
42 83
70 181
286 28
238 154
117 139
61 345
245 39
258 196
178 257
150 34
145 235
342 112
232 297
316 130
38 153
257 275
291 93
245 166
247 155
322 229
197 323
15 187
21 160
59 246
234 176
51 152
61 225
68 268
282 32
325 22
54 106
37 317
314 146
244 45
299 330
16 324
67 234
102 223
183 151
178 336
223 246
303 317
281 206
103 10
342 198
261 58
173 150
198 297
53 111
328 278
234 13
126 55
55 78
136 26
324 261
26 235
44 254
20 101
190 159
235 140
162 21
124 197
2 221
342 143
145 32
76 268
168 53
191 52
256 319
113 112
116 196
41 121
47 58
130 311
134 107
152 85
99 277
221 65
212 243
302 227
10 192
236 119
227 17
23 89
158 140
293 231
320 63
157 168
134 97
75 220
70 99
74 213
1 134
73 28
288 68
273 122
45 234
174 127
46 176
137 66
307 209
156 298
184 238
324 310
86 230
311 216
112 306
64 283
275 28
136 87
2 164
255 255
344 335
116 192
84 100
152 24
72 253
271 7
75 142
88 166
106 29
228 180
136 282
255 42
60 248
86 2
249 126
306 24
138 230
84 331
56 249
316 290
265 304
325 278
127 213
142 215
310 190
15 12 17 4 6 14 11 17 8 15 0 7 10 4 19 14 20 19 4 17 15 1 2 2 14 2 6 3 1 5 3 19 19 2 4 19 7 5 17 8 16 17 1 11 7 15 10 9 17 18 17 18 4 7 19 11 1 20 8 9 14 20 11 10 4 2 1 0 1 9 12 10 12 2 19 17 18 12 8 14 17 1 1 2 1 14 0 16 12 12 8 5 1 16 0 10 1 2 17 9 6 15 2 5 11 7 9 12 3 14 5 9 16 6 20 8 13 18 18 0 4 20 6 8 14 13 14 15 12 6 15 10 6 7 8 8 15 16 2 20 1 15 19 10 10 8 8 18 20 8 20 3 16 1 19 5 1 12 17 12 8 20 9 6 5 9 16 7 11 10 14 19 9 19 4 3 11 0 10 11 3 4 7 17 18 0 9 20 13 11 11 2 6 8 1 10 0 12 17 7 15 18 7 2 5 12 17 4 20 0 18 12 20 15 18 19 16 4 9 10 3 19 6 2 5 2 3 20 6 2 2 15 2 17 8 5 1 13 13 5 3 1 3 9 0 1 15 8 20 5 13 3 12 4 5 20 0 15 6 15 12 3 5 19 20 2 13 8 5 17 2 14 1 3 0 2 20 15 19 17 1 17 6 3 16 1 7 15 13 16 17 13 0 10 7 12 13 8 17 3 3 13 19 3 13 16 7 18 13 11 3 10 9 20 11 14 16 18 4 4 16 5 3 1 10 10 4 19 2 6 3 7 18 19 2 6 0 13 12 15 9 3 5 19 6 15 14 17
213 146 330 123 359 244 116 52 191 123 87 28 37 369 390 286 125 15 331 169 350 189 208 65 281 174 2 176 396
286 148 12 492
277 251
79 131
207 138
99 233
221 262
182 162
166 125
17 191
222 11
259 31
152 67
82 40
60 216
225 194
200 35
274 152
170 89
39 275
208 192
239 234
96 286
210 158
171 198
276 240
85 276
84 35
220 151
97 168
260 249
104 38
181 39
2 149
226 209
282 175
200 205
173 164
173 27
157 225
123 10
210 6
229 245
132 245
207 194
104 52
136 11
83 49
197 82
33 271
169 126
120 179
47 198
199 144
243 85
96 283
135 160
195 214
131 109
114 171
142 153
35 85
189 16
187 126
283 233
238 247
252 5
190 122
74 240
97 49
185 194
246 105
270 38
231 233
104 163
126 142
194 267
112 251
218 163
116 152
147 152
63 84
247 283
67 183
29 245
138 56
14 41
122 6
195 196
255 202
93 251
141 55
117 134
16 251
122 202
18 58
111 208
258 100
48 165
198 93
262 102
81 110
244 5
15 15
165 41
239 258
96 116
100 165
52 191
168 181
242 100
202 185
46 58
134 213
13 275
222 271
18 277
48 205
273 265
179 6
140 18
109 101
235 64
248 216
42 151
117 44
77 223
61 16
268 155
279 235
159 37
29 106
121 154
12 144
156 71
128 143
81 21
241 93
80 221
84 51
22 263
154 146
83 4
218 2
208 123
51 138
71 174
100 8
42 42
83 219
186 127
175 263
135 233
152 286
65 54
280 103
205 176
67 40
254 133
171 6
94 58
199 128
242 24
193 283
191 81
123 254
8 246
63 224
16 231
54 148
258 72
255 270
98 87
47 139
62 262
175 201
24 214
130 14
167 151
126 123
146 109
221 224
100 208
26 138
117 117
276 225
232 43
50 14
116 46
220 86
75 26
133 193
95 222
93 29
265 134
153 216
199 88
32 144
27 235
180 178
91 162
91 43
238 60
15 22
243 51
148 120
126 258
276 190
101 56
108 37
175 139
162 172
83 212
242 119
263 35
260 167
63 103
109 185
195 50
83 270
257 175
30 286
235 81
230 135
266 216
40 103
123 127
62 135
179 112
71 198
99 173
37 114
98 276
17 244
175 257
183 78
131 124
118 267
52 36
231 183
203 144
256 18
285 246
214 196
50 33
238 48
126 181
172 25
218 12
241 214
18 106
269 187
250 136
43 20
206 168
123 189
200 237
110 87
184 176
258 180
183 259
136 51
99 130
204 112
15 49
218 175
2 6
206 231
125 156
131 286
98 256
189 12
70 109
11 249
269 43
159 172
150 194
69 171
172 120
239 176
106 51
232 20
186 235
261 182
68 258
189 5
275 113
272 285
119 142
115 57
280 237
152 257
36 9
221 188
195 191
13 156
249 174
27 137
149 117
121 100
135 70
217 205
53 132
149 95
29 13
231 240
213 242
205 53
48 164
158 22
147 15
201 89
182 85
156 81
100 51
135 196
35 73
223 183
217 79
156 101
65 3
225 150
205 46
192 109
106 120
14 97
79 93
232 93
163 217
223 136
274 76
34 245
151 137
116 98
30 121
265 166
176 163
151 274
118 254
281 210
76 25
3 63
53 263
232 68
268 2
179 50
123 180
133 153
83 281
216 45
62 190
220 186
126 82
41 70
99 12
190 256
95 178
189 41
17 257
208 47
41 249
119 146
179 156
100 115
222 194
88 261
284 256
162 239
236 214
149 119
217 49
49 220
158 55
149 272
70 273
167 41
94 97
221 1
101 17
116 31
154 122
2 42
232 201
276 106
78 186
32 266
82 117
111 185
103 231
251 243
6 88
168 39
280 267
48 146
165 40
51 191
48 11
286 83
58 87
97 240
19 49
201 272
222 61
86 107
71 116
229 63
85 282
168 226
216 28
221 73
140 199
148 263
92 142
240 15
177 34
215 176
58 253
204 108
246 15
137 189
231 203
252 76
249 17
266 141
256 228
8 273
34 155
158 6
157 188
170 132
15 249
152 91
62 55
93 43
236 6
107 221
52 204
133 85
274 180
14 113
213 245
280 241
137 239
131 190
27 113
12 48
24 19
144 37
258 53
28 105
18 218
110 219
28 226
174 270
258 47
145 229
240 165
94 256
30 21
272 181
275 96
226 123
199 98
124 88
136 50
160 31
263 232
110 231
187 15
278 118
195 212
254 200
259 190
266 47
32 63
20 18
223 192
271 108
122 67
180 42
266 257
214 203
16 71
8 100
49 275
171 132
29 254
71 178
13 27
161 242
274 124
38 237
268 202
212 4
18 12 14 18 5 18 6 10 14 14 18 2 10 13 7 13 18 19 7 18 14 7 1 12 6 19 20 8 12 6 4 10 20 18 15 13 5 4 16 11 13 16 5 6 11 6 11 8 16 17 6 11 16 14 19 19 15 16 4 8 10 2 11 7 1 18 11 12 4 9 6 16 1 10 17 14 3 8 6 11 8 0 9 11 13 4 2 5 1 8 13 6 13 11 5 13 16 20 10 6 9 17 13 10 1 16 11 5 11 11 3 20 16 6 5 20 8 6 17 3 3 10 0 17 17 13 20 12 6 2 8 7 9 6 13 10 4 9 8 5 11 1 4 8 14 2 15 13 20 10 4 17 4 5 6 15 0 6 14 17 6 13 9 9 7 17 5 12 15 18 10 6 16 0 1 1 6 17 5 19 15 14 20 10 19 1 5 16 13 15 3 10 6 1 16 6 2 11 9 2 14 16 19 12 13 10 4 15 17 4 11 5 20 8 20 18 13 0 0 9 10 16 13 8 2 18 2 2 6 4 20 2 15 12 15 4 20 4 20 20 0 12 11 11 7 7 3 3 16 1 14 8 16 7 20 13 8 1 6 1 17 18 20 19 1 10 1 15 0 3 10 2 0 17 15 0 10 14 14 16 17 13 10 5 0 4
140 11 378 180 58 66 127 107 41 249 106 277 56 373 286 161 187 250 383 318 210 116 274 130 173 57 220 90 147 31 60 72 12 283 40 32 398 225 300 228 385 196 244 67 320 49 135 369 129 100 168 89 193 15 23 220 106 6 165 399 90 380 154 288 294 192 333 342 72 233 388 227 188 154 172 180 83 81 74 134 91 305 119 269 376 361 285 369 239 391 68 353 277 227 160 233 400 298 196 379 328 83 310 41 364 68 382 163 100 71 306 37 42 363 253 241 315 233 145 187 355 8 141 299 48 201 56 105 299 275 115 156 80 22 373 368 390 92 44 321 238 312 168 385 231 304 119 88
545 397 19 251
235 432
406 58
227 204
132 486
458 81
529 7
450 328
346 381
507 332
177 65
126 331
507 455
175 6
157 23
335 200
204 413
315 191
196 223
486 336
268 483
414 326
272 486
246 408
135 218
331 169
231 312
234 57
2 502
178 147
2 89
201 133
354 59
163 251
321 386
362 185
518 359
68 196
126 149
516 82
512 241
183 122
283 229
23 304
36 319
267 61
198 496
283 278
484 189
264 131
211 73
41 270
454 427
173 377
256 498
318 29
329 505
167 51
143 122
47 50
539 392
150 222
545 126
39 66
425 465
385 34
192 347
326 10
239 141
446 87
21 189
281 528
216 68
278 147
345 352
215 437
298 91
362 249
356 451
477 355
404 453
19 106
53 519
78 424
454 389
293 375
303 290
66 296
189 435
379 342
368 348
248 113
163 73
59 223
302 322
227 228
347 370
363 263
60 75
297 194
129 494
406 273
135 173
385 260
412 72
159 280
260 101
408 181
178 320
401 168
187 513
354 494
343 3
537 37
311 342
437 360
7 516
42 302
93 48
244 323
475 303
78 195
6 407
132 447
35 389
165 98
524 357
327 98
16 101
494 115
13 58
538 61
206 242
220 415
4 539
527 257
144 439
471 194
372 51
367 336
340 496
531 296
209 168
61 440
146 495
325 113
244 416
544 7
308 157
138 153
529 152
272 416
380 391
327 361
264 409
267 335
436 140
224 127
164 403
398 19
5 39
12 422
47 417
498 22
536 106
216 393
216 104
414 448
176 255
530 482
537 370
473 214
225 368
521 163
134 224
227 222
484 247
295 261
507 40
307 318
529 47
141 161
37 36
529 339
44 33
490 230
206 152
8 447
65 79
361 176
229 511
190 541
199 362
7 369
263 395
169 57
407 434
117 147
107 336
535 83
353 323
296 397
491 158
116 117
526 484
326 385
452 529
453 429
100 506
468 540
508 65
334 482
275 493
262 217
271 115
380 7
291 244
310 31
393 204
137 391
272 123
171 334
102 486
218 18
497 384
132 228
504 504
425 457
71 436
177 340
43 468
218 68
271 425
168 516
270 276
119 137
435 52
144 455
473 23
15 460
332 379
436 34
102 106
257 462
386 503
405 200
42 213
421 399
234 315
251 62
273 125
387 236
16 0 10 11 9 7 3 16 6 1 0 14 0 15 13 15 17 12 10 8 6 6 18 4 19 9 0 15 14 20 1 13 20 16 20 2 4 14 2 0 19 15 15 8 10 5 9 3 20 15 8 13 3 0 13 5 6 8 20 20 16 11 17 6 19 16 6 16 9 5 7 8 2 19 12 13 0 2 12 13 18 6 4 7 20 19 0 14 11 20 12 11 14 9 10 18 7 7 5 8 18 2 9 11 2 7 13 8 20 19 17 4 2 3 17 0 13 18 13 2 16 17 9 12 15 1 4 8 10 10 20 7 12 11 5 6 2 14 14 2 18 11 14 7 15 15 3 18 19 17 13 6 1 1 17 12 19 20 0 1 0 0 8 17 15 12 14 18 18 2 13 6 5 7 2 15 2 0 4 11 11 9 13 6 18 12 18 12 17 14 20 6 0 1 10 1 16 19 19 0 4 10 3 2 10 0 2 12 6 20 18 10 12 3 11 6 14 4 20 7 20 19 0 18 16 20 11 2 7 8 2 18 18 1 16 0 6 12 13 7 16 0 10 10 13 15 6 2 0 8 2 5 8 5 14 19 16 4 5 18 15 13 16 2 8 9 15 13 1 13 19 10 11 15 16 17 17 9 10 5 4 0 20 18 20 17 15 8 9 11 11 12 5 14 14 18 19 3 1 6 17 2 16 13 9 13 13 9 14 19 11 1 9 18 5 18 18 6 2 1 1 0 5 16 14 10 10 14 17 7 0 15 20 1 14 11 9 4 3 4 17 5 10 19 12 14 17 20 19 5 19 19 8 11 0 12 16 20 6 7 10 14 13 8 8 14 4 12 6 0 20 15 5 17 4 1 14 4 7 5 18 11 15 5 9 9 16 0 7 19 10 6 20 19 20 4 15 18 3 1 20 20 11 18 6 8 2 3 10 14 1 12 0 2 11 20 1 13 7 10 9 14 15 17 6 4 2 3 14 10 17 10 17 5 10 2 14 11 17 1 2 15 15 2 20 7 3 5 20 4 6 6 4 17 10 0 15 4 3 20 1 11 12 11 19 19 11 2 0 17 10 6 6 14 6 16 8 1 7 16 17 14 6 1 9 1 6 17 13 14 8 14 17 17 2 8 4 11 2 13 14 9 20 2 18 14 2 5 20 3 15 13 8 6 5 20 5 2 2 13 20 13 4 17 17 4 0 12 2 5 5 2 20 20 1 20 9 7 7 9 19 20 16 14 0
357 316 43 204 202 54 365 234 140 121 154 268 231 72 205 396 388 260 25 312 149 222 353 122 360 35 187 173 320 82 90 206 307 371 39 292 178 232 165 329 204 140 65 15 68 170 38 288 195 296 127 204 357 373 257 316 220 374 55 115 357 172 141 83 220 23 84 266 132 12 123 108 157 125 132 113 231 308 240 364 351 38 9 112 35 365 48 118 260 160 43 81 160 132 0 353 308 190 367 268 159 202 111 179 154 110 278 131 335 389 340 110 221 283 31 252 118 43 212 347 157 148 63 321 141 289 364 111 191 177 62 22 305 163 235 59 188 145 398 99 15 358 247 30 318 186 0 27 288 147 372 37 272 221 296 287 9 70 22 99 190 373 90 112 11 187 299 374 350 56 334 47 168 4 262 5 63 323 350 143 71 143 273 41 263 194 21 226 246 313 106 393 92 113 276 101 141 117 157 327 255 324 23 114 197 143 11 192 117 23 215 138 347 191 158 243 280 385 179 200 140 299 206 251 395 243 363 206 127 317 31 199 144 93 288 227 213 358 87 126 99 377 161 172 257 51 364 152 191 93 261 244 246 378 366 395 53 71 5 49 199 301 291 97 355 53 183 264 146 353 101 137 398 381 277 138 383 204 37 113 369 195 332 146 190 180 170 380 18 37 37 14 72 79 90 288 224 114 18 129 51 305 133 253 342 145 302 36 270 239 180 133 205 333 97 387 147 259 277 133 257 83 252 135 316 357 362 364 40 163 172 230 182 333 99 124 72 334 24 265 64 172 207 256 391 218 110 91 276 42 172 297 350 141 259 133 132 319 171 233 26 176 265 331 250 154 117 108 375 240 132 94 226 234 206 145 38 169 167 44 238 347 250 40 70 304 82 90 184 21 382 302 344 181 156 54 115
424 373 9 651
272 262
101 356
195 385
397 322
246 86
159 324
181 316
407 129
410 412
304 183
267 61
283 103
171 193
109 210
23 26
205 258
345 394
122 344
197 394
380 418
148 255
307 357
106 408
244 60
196 310
18 360
381 423
341 346
302 412
368 136
175 256
234 153
381 385
182 105
396 164
210 41
5 374
411 406
378 50
311 382
377 371
407 23
404 395
347 301
235 192
284 212
118 349
211 160
59 9
151 18
218 187
2 18
69 236
138 390
181 413
346 293
13 231
221 324
374 405
385 130
28 63
41 147
293 42
134 328
84 280
175 202
56 132
55 259
371 355
351 62
93 59
293 330
400 79
8 42
61 12
3 112
154 208
219 258
233 313
138 191
49 133
326 285
182 123
384 174
76 359
50 103
364 210
80 219
64 362
24 363
29 261
130 336
223 232
345 391
277 196
271 50
237 307
383 340
280 278
77 308
288 93
238 233
15 154
33 394
390 200
382 64
210 248
418 257
411 16
219 49
84 82
99 154
150 224
298 41
199 52
288 315
189 117
341 419
1 403
32 4
158 243
279 127
394 301
241 7
185 25
235 346
337 398
114 101
110 318
421 263
272 156
243 111
48 283
8 40
380 64
258 344
80 344
345 200
51 85
144 182
162 80
107 132
403 61
378 383
124 418
107 21
340 210
375 303
388 327
370 131
179 86
155 69
141 48
103 63
59 94
135 305
16 325
22 170
373 142
274 270
383 81
44 18
400 27
409 229
316 391
178 107
144 167
385 418
24 231
193 85
346 256
422 385
117 354
184 153
142 236
412 239
329 126
341 86
408 183
25 341
233 280
146 52
174 118
225 323
62 224
115 17
410 131
326 418
171 320
297 184
226 380
99 120
154 154
67 35
166 285
323 205
25 274
371 269
314 259
290 216
159 81
26 307
272 235
117 99
145 66
120 110
93 119
285 377
367 206
307 53
38 112
98 368
79 278
250 302
11 94
339 307
200 149
256 16
343 175
369 204
102 222
422 284
413 96
354 96
45 295
143 329
57 85
115 405
59 192
382 108
402 86
140 14
23 49
383 164
56 155
87 392
130 20
205 329
357 217
33 38
394 218
34 37
65 33
123 187
71 134
413 95
194 180
74 47
151 46
344 23
355 270
5 149
178 374
414 259
107 287
262 137
280 79
417 307
290 35
416 415
201 184
279 7
177 292
305 367
260 93
92 268
137 238
63 68
349 266
52 235
134 3
148 137
203 248
354 356
4 157
64 64
302 62
21 73
419 144
371 171
126 224
85 411
285 169
410 278
349 108
263 330
253 312
36 373
101 418
186 404
349 64
414 145
76 95
181 335
189 280
282 272
301 84
67 81
39 8
75 401
162 371
340 355
315 312
322 298
252 342
234 152
73 203
267 212
70 214
281 194
311 216
323 174
411 187
209 188
109 111
403 390
161 216
70 21
29 395
404 275
407 379
363 359
126 373
291 64
74 353
5 342
151 283
409 168
260 74
424 301
191 322
57 196
393 367
335 84
382 116
190 104
4 283
86 208
410 231
296 80
233 391
169 43
48 149
207 82
210 351
347 374
278 34
354 83
169 132
379 206
141 163
308 319
207 287
382 246
64 400
331 408
375 13
345 202
77 193
57 395
79 88
36 328
405 22
41 55
164 301
392 146
45 41
49 46
97 20
69 190
303 182
306 131
81 416
158 183
366 358
246 36
142 26
64 133
350 153
314 315
176 191
210 164
150 197
119 142
219 158
58 16
401 315
7 169
364 373
154 334
207 32
271 266
86 9
10 346
380 423
294 295
93 392
324 360
327 379
132 271
78 146
133 52
303 233
127 348
327 397
6 203
250 413
356 337
320 396
80 268
279 211
321 22
207 87
93 245
266 186
240 216
190 376
94 140
222 206
216 26
46 301
33 389
374 41
72 70
44 317
171 115
330 8
224 404
257 360
184 152
50 169
155 197
412 103
387 132
73 391
209 138
338 273
376 420
197 90
38 120
136 87
20 303
313 291
212 86
313 314
301 44
316 4
96 53
320 410
351 169
21 385
4 304
220 21
339 239
382 351
252 270
180 83
150 28
357 156
258 411
408 308
298 134
306 155
193 293
92 257
1 260
67 253
14 134
218 115
347 33
402 332
163 118
237 198
362 21
211 288
261 86
332 252
348 28
57 350
397 269
29 81
94 361
392 350
280 192
347 229
421 225
75 135
231 385
248 6
371 218
29 159
279 168
338 420
11 352
105 107
247 160
91 418
92 153
280 383
121 50
208 104
148 129
140 271
201 252
410 66
32 139
413 227
388 208
282 346
183 409
262 147
97 405
275 16
96 142
63 238
274 347
108 166
299 353
286 365
64 4
369 110
205 44
377 414
255 274
386 402
57 178
107 124
114 314
193 357
65 198
269 8
200 410
119 210
318 384
372 157
275 51
400 351
414 359
272 328
148 331
308 41
420 299
49 366
369 369
249 138
76 354
169 219
161 281
343 202
328 334
70 255
308 244
64 365
83 271
414 305
95 226
407 411
238 191
259 81
229 2
144 114
219 157
379 32
66 176
67 34
117 187
91 332
99 211
7 74
164 184
202 168
208 11
424 13
172 33
422 8
125 363
381 268
90 132
200 176
173 353
68 6
341 315
200 287
90 200
299 289
359 316
13 329
217 355
266 194
109 1
149 308
55 69
103 79
305 28
277 59
243 272
169 139
117 200
199 153
345 288
98 409
66 206
377 298
277 15
391 128
95 208
148 395
320 313
139 321
385 166
397 126
27 255
159 380
310 248
342 364
267 156
193 275
14 174
67 368
159 160
29 380
205 89
207 405
286 61
409 105
193 422
163 346
281 419
354 166
323 163
343 392
315 360
9 144
397 317
59 5
271 356
314 83
357 419
96 161
251 215
126 410
375 336
258 412
274 98
403 199
132 368
154 126
192 46
351 126
282 204
419 389
9 2 6 7 12 20 16 20 18 5 20 2 3 4 14 18 14 5 19 3 18 7 18 12 14 6 1 20 1 8 19 0 18 4 12 12 14 19 1 11 18 1 1 17 14 7 15 1 19 13 5 4 2 15 11 12 9 2 7 9 0 5 4 14 12 0 3 2 6 13 10 11 7 19 16 0 6 3 1 6 2 17 16 7 7 12 12 20 1 2 17 2 10 14 9 4 8 11 8 7 5 3 2 2 10 20 19 17 13 16 2 12 9 4 9 6 0 17 17 1 6 13 13 13 10 16 7 10 14 12 18 7 5 10 1 5 0 3 2 18 3 11 16 5 16 4 15 1 7 18 7 1 7 11 7 3 8 19 19 13 17 3 1 11 1 13 2 13 7 11 7 16 17 17 10 9 3 15 1 1 0 4 11 7 0 20 11 14 18 2 3 13 6 16 20 1 8 11 20 20 2 4 5 8 5 4 8 3 3 13 10 13 1 9 10 14 3 9 11 20 15 5 4 6 13 9 6 14 2 3 10 11 4 4 7 2 18 14 4 2 9 8 19 10 7 13 14 1 0 5 15 15 14 0 6 6 19 7 11 1 19 13 5 5 15 11 15 9 3 8 20 7 5 1 3 7 6 0 12 10 17 3 8 6 13 0 3 13 9 1 13 3 8 17 5 0 18 6 6 11 16 13 14 11 20 10 5 18 15 17 2 12 17 6 14 7 11 13 16 10 18 9 3 0 13 20 7 2 3 1 4 6 1 14 14 18 12 7 9 12 10 8 12 11 20 15 17 18 19 3 17 12 9 10 2 17 9 13 13 14 3 0 16 7 1 6 5 15 3 8 10 12 3 13 10 9 4 15 10 12 2 5 16 9 10 20 5 1 9 0 8 14 1 0 16 16 7 1 6 9 17 1 14 14 0 15 17 7 9 0 7 4 3 3 2 4 11 6 20 15 14 3 6 8
236 188 379 382 111 396 86 82 375 207 209 241 55 198 352 5 256 113 269 365 303 206 382 248 360 66 111 65 121 21 200 164 259 139 168 32 327 150 317 325 357 58 396 42 236 303 392 264 277 42 20 288 15 366 74 138 229 66 20 210 337 330 332 101 37 210 387 361 281 149 165 93 263 268 74 51 43 300 68 324 286 131 294 342 60 80 356 124 95 185 149 222 306 316 321 184 341 332 244 73 137 59 246 381 138 164 338 148 62 93 390 196 362 89 158 218 111 238 254 71 393 147 239 298 87 272 33 224 250 89 196 383 42 273 147 302 103 84 308 80 54 68 98 186 383 357 13 117 219 65 20 30 370 31 343 15 13 8 334 338 198 11 109 162 248 153 389 46 168 312 21 67 365 364 241 3 232 290 345 353 184 246 123 343 210 193 200 94 311 119 325 400 137 24 148 398 156 166 221 50 174 149 75 174 133 9 41 64 95 235 399 273 388 184 372 315 113 23 181 379 246 126 345 2 62 370 8 81 22 238 350 336 393 160 174 370 137 33 318 344 378 54 169 68 203 327 270 193 241 395 278 125 371 175 76 368 256 9 392 331 299 101 308 315 4 50 22 286 274 285 82 140 82 282 21 318 26 42 10 96 8 300 36 350 127 303 367 110 298 272 165 352 42 124 49 262 195 72 191 80 336 377 151 184 227 256 75 362 178 266 370 312 367 126 172 332 233 215 375 350 372 320 218 96 49 100 350 323 39 240 81 106 65 320 160 122 113 110 60 225 258 314 303 205 349 57 346 105 60 39 122 227 355 27 77 228 9 40 14 166 288 195 373 294 332 219 360 244 8 328 244 273 296
209 85 1 228
49 106
206 156
48 112
36 6
17 7
202 198
171 7
132 7
118 197
6 116
106 39
88 172
108 156
125 26
86 126
79 76
163 143
202 107
125 28
182 150
145 152
176 18
47 93
3 206
15 49
167 148
61 113
28 31
31 73
12 45
179 36
83 154
148 129
182 51
2 32
108 4
159 152
83 55
65 161
49 175
119 52
208 39
47 75
170 198
100 177
138 204
143 143
152 206
207 167
6 13
123 168
101 162
55 71
53 115
187 183
79 34
1 85
181 22
131 84
196 47
209 136
2 1
190 118
126 45
44 30
155 37
8 81
191 126
169 183
190 7
66 164
169 195
201 167
48 15
2 38
172 1
209 167
116 113
117 23
184 74
208 1
155 10
46 90
109 192
12 9
54 64
1 116
158 129
149 111
64 95
167 70
22 15
40 20
159 59
158 49
24 152
205 50
114 73
102 44
48 167
105 71
66 199
165 132
205 87
191 168
114 185
115 175
2 127
161 48
141 5
181 104
114 112
48 123
125 56
95 126
159 161
64 33
110 49
11 179
22 182
67 116
153 140
62 118
69 46
140 82
9 208
161 51
174 175
55 207
54 125
115 26
209 208
14 183
13 149
66 145
203 145
67 59
170 39
168 75
198 74
128 145
121 109
66 44
158 199
30 24
87 89
7 14
169 91
173 3
8 33
55 118
185 19
25 48
56 67
90 151
181 26
148 36
132 190
143 90
33 118
75 126
199 183
109 4
50 110
81 126
133 120
64 2
199 68
27 120
146 29
177 67
203 155
19 129
126 120
93 48
110 133
81 197
151 150
119 104
100 44
92 163
166 27
191 116
192 23
196 192
100 71
97 67
96 122
105 200
141 111
198 96
24 100
31 12
192 134
209 88
30 170
35 28
174 61
131 188
6 34
173 149
100 170
60 127
44 148
124 17
80 68
140 135
86 207
20 62
76 102
41 125
100 87
195 73
208 47
95 32
206 104
67 14
18 3
153 157
21 22
175 11
187 108
45 187
24 45
70 60
205 201
208 179
154 38
12 7 6 0 5 10 3 2 4 3 11 7 8 13 20 20 12 0 9 8 8 11 0 10 9 17 13 2 10 2 8 5 16 9 8 3 2 16 6 18 17 7 3 13 5 3 10 17 0 11 18 17 17 13 9 9 11 2 9 15 13 2 20 0 7 10 5 16 12 11 19 5 7 7 13 7 15 12 9 15 16 7 13 1 12 8 5 0 19 19 20 14 13 3 10 15 19 8 1 2 1 11 2 19 16 13 7 3 2 14 18 11 9 18 9 20 3 0 14 9 10 16 10 8 8 13 1 4 9 20 19 4 9 5 20 2 8 2 12 4 1 12 10 3 19 0 13 11 17 1 11 1 13 8 2 20 1 8 5 8 15 1 0 1 5 16 13 7 0 1 15 11 2 13 17 19 16 8 1 17 13 18 11 4 8 13 10 13 18 3 1 10 13 17 14 20 13 18 16 4 7 1 0 16 17 10 9 9 7
174 132 377 289 69 296 165 259 158 60 264 335 228 185 327 233 169 353 101 183 117 113 213 198 220 74 322 305 352 238 346 142 307 383 67 290 252 138 123 306 129 380 296 98 339 113 260 56 93 397 183 289 381 30 322 362 264 189 127 115 106 72 396 370 341 191 161 198 100 95 53 278 88 199 15 324 384 57 222 186 224 267 11 35 354
339 280 10 359
92 16
330 240
114 5
301 314
142 33
156 12
44 169
326 48
110 138
15 225
322 99
2 27
258 117
325 137
299 138
292 207
123 263
43 129
11 202
62 218
249 78
47 211
206 328
330 137
152 112
99 31
53 228
126 5
93 144
90 18
291 296
275 284
264 64
118 334
214 194
18 211
133 290
193 47
170 194
254 65
105 195
88 142
88 43
5 62
114 226
240 3
38 293
283 210
212 161
47 334
336 145
193 251
339 4
245 328
88 161
227 248
271 130
176 73
247 152
164 45
97 6
60 218
267 300
77 53
259 174
95 70
276 334
177 12
42 243
232 219
268 168
234 304
108 241
165 315
94 339
291 218
42 182
77 282
269 295
190 5
214 6
291 177
44 131
264 290
296 307
286 73
31 58
183 239
15 20
331 191
300 103
292 324
32 331
50 209
169 50
104 290
330 76
36 39
333 322
120 188
63 140
93 335
92 216
171 39
115 105
18 292
103 164
185 270
172 183
134 229
133 324
207 25
337 181
115 34
28 282
13 292
11 316
292 336
81 277
2 291
218 81
333 256
222 59
250 27
65 176
142 44
207 12
22 122
104 307
8 159
233 119
254 120
208 300
185 10
284 62
256 210
135 307
34 205
16 303
34 302
38 207
30 184
233 76
142 188
163 324
259 287
44 177
338 190
149 19
202 196
302 62
29 255
32 333
267 78
324 265
203 133
32 281
281 249
46 15
74 119
152 319
222 144
26 123
327 58
305 212
138 61
212 173
166 324
201 320
194 211
315 298
273 130
184 305
226 278
338 124
149 243
38 211
123 140
339 110
4 314
31 215
298 311
92 209
294 326
116 223
179 192
213 338
154 313
181 271
153 179
115 281
114 318
331 45
51 127
64 85
146 305
78 158
149 99
220 245
151 270
160 101
238 105
56 138
142 267
78 307
183 235
331 30
83 240
129 77
64 50
1 165
118 72
183 300
287 32
282 82
72 119
235 180
146 265
322 293
299 209
178 268
152 225
8 303
9 122
82 67
82 305
170 308
179 26
168 231
122 183
154 189
137 202
209 195
165 262
229 244
224 133
206 277
205 256
32 225
91 291
61 212
96 337
288 139
25 111
105 5
187 207
102 10
32 203
70 216
39 74
225 10
298 285
131 62
104 158
50 279
230 89
105 306
186 211
291 154
251 26
252 305
13 67
142 36
84 158
52 71
26 254
314 132
154 176
174 183
214 94
130 80
124 265
132 78
191 320
331 230
63 108
154 110
228 85
256 339
193 100
51 322
133 122
187 252
233 104
133 4
217 159
69 44
274 302
191 248
143 242
70 273
73 289
134 188
263 13
18 241
154 261
305 82
189 338
247 220
259 284
241 151
303 196
46 118
322 151
212 54
97 293
147 109
94 83
322 157
107 299
27 203
110 132
321 111
318 126
121 297
37 144
34 222
217 336
245 142
266 180
100 323
280 253
283 227
138 233
302 127
47 20
178 264
20 260
322 199
220 4
206 211
322 245
167 205
296 148
74 180
307 308
73 116
13 195
77 102
171 82
47 123
56 232
258 18
174 166
272 97
247 21
228 67
246 131
262 32
153 26
19 25
219 224
206 293
67 333
38 95
115 261
118 323
47 205
4 339
13 0 11 8 12 15 17 1 9 8 17 6 17 9 4 7 8 9 12 13 16 7 4 17 20 15 17 4 1 6 12 11 14 14 8 7 6 7 8 16 0 5 16 10 17 2 0 20 17 17 14 16 20 17 16 13 7 4 0 19 20 20 6 8 3 14 0 14 3 6 20 14 4 17 13 14 4 19 5 11 10 4 6 15 14 16 18 19 4 14 4 14 10 19 18 17 8 9 6 20 6 9 5 16 16 7 7 18 19 11 8 7 8 13 18 12 11 3 5 6 6 19 20 17 15 12 17 0 18 9 16 6 3 7 16 8 20 1 15 6 14 19 5 15 2 3 9 20 12 15 10 0 0 11 19 4 17 15 9 5 11 15 18 1 13 1 17 8 17 0 9 0 6 11 7 10 7 19 11 19 13 15 14 11 1 20 7 18 20 19 11 5 19 15 20 20 15 19 12 3 14 18 2 12 17 16 19 19 6 15 20 0 11 8 10 16 7 14 11 4 20 16 0 5 5 17 17 13 18 0 4 15 2 13 16 9 13 13 8 8 10 17 6 11 1 6 10 18 3 19 12 8 3 19 12 0 14 6 4 5 9 8 13 2 15 18 14 2 12 7 14 5 11 11 7 5 16 11 14 5 5 17 17 13 10 4 10 17 10 2 0 6 18 8 10 4 19 13 11 10 4 8 18 0 10 4 2 13 2 4 8 6 18 5 5 3 3 4 6 11 15 9 2 9 15 19 19 4 4 7 14 19 2 16 0 10 16 3 7
373 223 91 227 300 191 39 317 358 351 278 181 360 0 387 189 243 134 316 152 49 215 146 338 276 278 177 264 377 369 364 136 71 100 320 348 279 177 229 72 108 347 283 123 102 27 198 362 103 284 300 197 44 386 357 180 271 226 284 77 245 212 8 245 175 1 120 355 8 130 294 301 67 6 343 63 326 57 254 362 397 52 61 198 325 32 317 119 240 284 241 55 285 382 22 261 183 199 116 20 236 130 42 13 111 75 114 247 352 177 24 19 274 281 58 30 44 7 273 382 45 53 275 184 70 73 318 278 22 271 47 196 40 85 335 199 199 69 141 225 177 117 234 40 193 296 304 211 295 136 148 176 52 34 371 324 349 400 183 223 189 55 31 246 44 323 260 246 197 338 89 141 209 288 35 135 169 338 268 101 274 65 336 119 262 363 248 378 64 151 216 325 396 376 369 99 367 59 382 156 152 282 259 127 104 64 387 275 49 66 331 103 133 329 200 193 283 345 317 105 247 86 102 60 288 157 97 282 147 306 369 393 397 67 380 96 386 193 139 46 313 322 309 97 207 392 65 276 136 226 208 59 2 1 78 177 235 267 8 63 230 209 263 344 140 294 26 211 338 130 353 365 233 235 22 304 156 150 120 269
340 300 9 190
97 120
188 139
74 142
333 68
159 54
171 91
128 172
106 194
132 42
224 62
329 302
320 282
174 101
65 247
28 279
93 129
104 211
330 91
8 113
190 260
304 339
34 36
224 151
248 148
5 11
33 144
69 103
62 260
107 312
110 180
236 41
313 285
206 98
259 195
83 145
277 98
74 140
212 75
322 151
113 53
167 130
322 130
224 3
239 5
199 159
84 247
70 274
112 138
206 185
97 144
100 182
137 14
335 325
252 153
302 8
205 96
164 317
194 189
107 305
269 173
153 4
241 327
61 9
171 130
328 224
14 60
75 285
289 296
267 79
127 222
340 240
1 187
292 147
338 288
299 31
332 199
148 1
277 168
180 72
332 159
198 215
14 110
215 59
295 200
17 176
176 39
315 189
260 339
105 70
90 250
3 264
46 218
95 322
35 253
138 73
166 221
203 232
154 189
269 197
52 165
34 205
39 112
260 278
12 75
90 298
47 324
83 331
216 318
16 197
277 257
296 170
272 311
44 31
261 47
66 99
52 50
88 149
326 33
136 143
16 300
77 311
204 160
171 31
165 45
336 28
297 176
209 3
246 197
58 74
79 19
333 244
65 95
152 201
253 150
3 104
79 185
203 67
277 301
74 340
282 337
191 222
326 46
61 58
31 75
128 309
141 227
122 157
75 137
94 119
174 237
209 98
313 135
255 252
61 310
78 305
177 336
222 238
51 240
28 9
49 148
260 48
34 249
74 270
99 147
244 5
152 246
153 291
218 275
2 305
275 328
239 54
72 256
140 193
152 114
167 333
115 36
94 225
19 35
226 271
40 144
200 5
269 257
235 113
295 257
112 137
85 91
230 63
30 54
108 210
320 94
19 9 9 12 16 14 19 5 8 2 3 4 12 0 16 18 0 19 6 19 3 11 3 19 13 3 2 7 20 11 1 13 14 7 11 15 6 6 1 19 16 7 5 10 10 3 10 14 20 11 19 17 20 6 0 6 20 9 3 5 3 14 10 4 11 10 10 13 0 16 9 16 9 7 11 13 18 4 9 0 3 5 12 20 6 10 4 11 5 4 3 15 10 5 18 20 7 7 12 11 4 19 6 6 9 18 20 5 8 1 11 19 9 6 4 10 3 11 11 20 1 16 18 15 14 19 14 20 3 5 11 6 1 16 4 18 17 2 10 0 20 1 6 4 8 12 2 13 15 10 9 15 2 0 9 6 8 3 1 14 15 16 1 12 11 1 8 2 19 13 3 2 9 13 6 3 4 20 7 17 17 9 5 10 10 8 5 5 2 8 3 13 4 19 1 0 7 6 12 1 20 10 19 1 8 3 19 7 16 12 19 10 2 18 16 16 15 2 4 15 0 16 9 19 1 0 11 15 2 12 7 10 12 6 6 11 13 4 20 10 20 14 12 10 0 3 14 19 17 13 9 12 8 7 10 7 8 4 20 9 3 2 9 9 7 1 19 10 3 17 7 2 0 19 1 19 19 19 2 16 16 3 3 11 18 11 15 4 12 4 7 3 0 20 16 6 20 5 16 13 15 5 8 17 4 13 16 16 12 17 4 17 18 8 12 3 0 1 18 8 6 6 15 11 10 1 6 8 3 17 11 11 0 7 4 11 1 3 5 15
243 342 395 161 236 116 101 32 67 320 309 241 335 391 9 162 353 396 11 219 375 347 296 262 276 210 210 260 374 371 253 98 67 334 204 217 47 200 177 91 174 160 13 171 195 46 48 334 358 250 218 53 13 70 77 43 143 365 71 344 230 333 83 208 14 103 75 74 279 357 149 141 296 134 251 44 43 71 400 67 196 172 267 82 100 382 13 369 178 148 179 50 236 272 317 268 269 388 99 350 243 328 368 344 371 286 220 193 252 38 119 82 11 273 1 51 81 105 204 213 11 161 115 310 111 233 284 189 266 357 283 244 61 309 275 294 232 221 23 393 149 111 134 167 132 207 370 89 39 43 268 128 118 278 84 75 315 378 175 84 140 274 390 308 339 275 324 359 1 247 342 328 70 351 360 36 199 176 78 109 131 329 111 51 286 206 193 295 146 400 388 57 118 362 331 69 161 299 284 240 48 128 342 161 317 14 20 337 305 121 239 362 105 25 208 305 183 187 294 314 175 233 373 356 374 294 13 287 195 106 145 193 379 394 104 224 378 393 131 296 138 132 327 279 385 99 357 333 267 97 323 103 247 381 42 178 23 31 129 186 315 25 89 388 207 9 188 249 204 362 297 23 92 355 376 330 206 180 9 314 343 121 31 239 217 111 336 38 339 200 234 196 245 117 364 345 6 185 85 224
